downloaded_clips\gpAkjSy_8iY.0.mp4,79.004650, 51.306665,63.372042
downloaded_clips\gpAkjSy_8iY.0.mp4,78.749927, 51.969149,63.609320
downloaded_clips\gpAkjSy_8iY.1.mp4,80.375310, 52.236253,64.655745
downloaded_clips\gpAkjSy_8iY.10.mp4,77.759580, 52.454379,63.358804
downloaded_clips\gpAkjSy_8iY.2.mp4,71.076430, 49.547177,58.400408
downloaded_clips\gpAkjSy_8iY.3.mp4,66.639198, 49.945725,56.666163
downloaded_clips\gpAkjSy_8iY.4.mp4,67.735537, 51.326969,57.965361
downloaded_clips\gpAkjSy_8iY.5.mp4,75.023745, 50.431106,60.803003
downloaded_clips\gpAkjSy_8iY.6.mp4,67.052079, 50.270595,57.038788
downloaded_clips\gpAkjSy_8iY.7.mp4,77.932160, 51.227682,62.750925
downloaded_clips\gpAkjSy_8iY.8.mp4,73.886850, 50.515962,60.296137
downloaded_clips\gpAkjSy_8iY.9.mp4,75.588095, 50.787335,61.291025
downloaded_clips\gpB2FGY5Fuk.0.mp4,63.818929, 48.474003,54.582927
downloaded_clips\gpB2FGY5Fuk.1.mp4,74.507807, 51.378852,61.100364
downloaded_clips\gpB2FGY5Fuk.2.mp4,72.715265, 48.960436,58.819524
downloaded_clips\gpB2FGY5Fuk.3.mp4,70.731983, 49.404150,58.157324
downloaded_clips\gpB2FGY5Fuk.4.mp4,77.595781, 51.594194,62.783101
downloaded_clips\gpB2FGY5Fuk.5.mp4,65.210478, 50.523767,56.404032
downloaded_clips\gpBBohls8kw.0.mp4,64.535187, 49.344228,55.409480
downloaded_clips\gpBBohls8kw.1.mp4,64.706768, 49.492503,55.571125
downloaded_clips\gpBBohls8kw.10.mp4,73.445077, 51.791858,60.828707
downloaded_clips\gpBBohls8kw.2.mp4,73.912169, 51.525466,60.897128
downloaded_clips\gpBBohls8kw.3.mp4,65.266280, 49.472126,55.795258
downloaded_clips\gpBBohls8kw.4.mp4,76.007651, 51.161943,61.718630
downloaded_clips\gpBBohls8kw.5.mp4,68.322982, 49.936274,57.393200
downloaded_clips\gpBBohls8kw.6.mp4,60.986298, 50.351214,54.552949
downloaded_clips\gpBBohls8kw.7.mp4,69.094824, 51.682731,58.772200
downloaded_clips\gpBBohls8kw.8.mp4,65.075924, 50.452203,56.304266
downloaded_clips\gpBBohls8kw.9.mp4,73.226462, 52.300173,61.020974
downloaded_clips\gpBNYu0siRk.0.mp4,75.049727, 51.537702,61.458099
downloaded_clips\gpBNYu0siRk.1.mp4,71.751539, 52.499887,60.450260
downloaded_clips\gpBNYu0siRk.10.mp4,76.395088, 52.174141,62.496782
downloaded_clips\gpBNYu0siRk.11.mp4,78.930571, 52.164801,63.817486
downloaded_clips\gpBNYu0siRk.12.mp4,76.548218, 52.375504,62.689772
downloaded_clips\gpBNYu0siRk.13.mp4,76.481214, 51.985671,62.432385
downloaded_clips\gpBNYu0siRk.14.mp4,75.132518, 51.827165,61.666336
downloaded_clips\gpBNYu0siRk.15.mp4,81.087010, 52.680481,65.308782
downloaded_clips\gpBNYu0siRk.16.mp4,76.319749, 52.312002,62.537718
downloaded_clips\gpBNYu0siRk.17.mp4,75.485623, 51.332949,61.555636
downloaded_clips\gpBNYu0siRk.18.mp4,79.126121, 52.275409,63.985944
downloaded_clips\gpBNYu0siRk.19.mp4,80.536800, 53.172265,65.268529
downloaded_clips\gpBNYu0siRk.2.mp4,71.336486, 51.148827,59.466524
downloaded_clips\gpBNYu0siRk.20.mp4,78.485534, 51.973655,63.469913
downloaded_clips\gpBNYu0siRk.21.mp4,81.119941, 52.489514,65.221776
downloaded_clips\gpBNYu0siRk.22.mp4,78.440604, 53.393288,64.248316
downloaded_clips\gpBNYu0siRk.23.mp4,77.378438, 51.433878,62.577907
downloaded_clips\gpBNYu0siRk.3.mp4,69.307086, 51.578726,58.804616
downloaded_clips\gpBNYu0siRk.4.mp4,77.930154, 52.335357,63.380636
downloaded_clips\gpBNYu0siRk.5.mp4,79.096609, 52.104321,63.873388
downloaded_clips\gpBNYu0siRk.6.mp4,76.986671, 52.622585,63.054527
downloaded_clips\gpBNYu0siRk.7.mp4,75.561858, 53.105282,62.614157
downloaded_clips\gpBNYu0siRk.8.mp4,78.973687, 52.434465,63.992997
downloaded_clips\gpBNYu0siRk.9.mp4,81.099630, 52.665135,65.307534
downloaded_clips\gpBuYw_jCGs.0.mp4,81.657837, 51.883324,65.199237
downloaded_clips\gpBuYw_jCGs.1.mp4,74.947802, 50.519345,60.816760
downloaded_clips\gpBuYw_jCGs.2.mp4,81.384304, 51.602267,64.882160
downloaded_clips\gpBuYw_jCGs.3.mp4,83.276010, 52.540637,66.541432
downloaded_clips\gpBuYw_jCGs.4.mp4,80.988422, 52.762718,65.297777
downloaded_clips\gpAkjSy_8iY.0.mp4,79.217935, 52.303895,64.051967
downloaded_clips\gpAkjSy_8iY.1.mp4,80.416878, 51.377716,64.198238
downloaded_clips\gpAkjSy_8iY.10.mp4,77.032501, 52.944430,63.261411
downloaded_clips\gpAkjSy_8iY.2.mp4,73.198041, 49.837039,59.566863
downloaded_clips\gpAkjSy_8iY.3.mp4,67.887129, 50.963666,57.814969
downloaded_clips\gpAkjSy_8iY.4.mp4,69.732978, 52.022358,59.256296
downloaded_clips\gpAkjSy_8iY.5.mp4,75.180557, 51.353298,61.415945
downloaded_clips\gpAkjSy_8iY.6.mp4,67.918967, 50.048698,57.283042
downloaded_clips\gpAkjSy_8iY.7.mp4,76.300166, 51.707715,62.180930
downloaded_clips\gpAkjSy_8iY.8.mp4,74.958089, 50.555424,60.842838
downloaded_clips\gpAkjSy_8iY.9.mp4,75.727165, 51.228290,61.615854
downloaded_clips\gpB2FGY5Fuk.0.mp4,65.718764, 48.117950,55.170761
downloaded_clips\gpB2FGY5Fuk.1.mp4,74.981916, 51.130428,61.188648
downloaded_clips\gpB2FGY5Fuk.2.mp4,72.078925, 48.880773,58.471443
downloaded_clips\gpB2FGY5Fuk.3.mp4,70.755806, 49.578479,58.271781
downloaded_clips\gpB2FGY5Fuk.4.mp4,77.563784, 51.592471,62.765369
downloaded_clips\gpB2FGY5Fuk.5.mp4,64.621139, 50.460405,56.117871
downloaded_clips\gpBBohls8kw.0.mp4,66.101430, 49.386537,56.099536
downloaded_clips\gpBBohls8kw.1.mp4,66.185656, 49.679805,56.311874
downloaded_clips\gpBBohls8kw.10.mp4,73.421645, 52.092232,60.992448
downloaded_clips\gpBBohls8kw.2.mp4,71.804010, 51.548373,59.916806
downloaded_clips\gpBBohls8kw.3.mp4,64.428409, 50.453046,56.032647
downloaded_clips\gpBBohls8kw.4.mp4,74.635145, 51.833948,61.426419
downloaded_clips\gpBBohls8kw.5.mp4,68.125721, 49.654958,57.138352
downloaded_clips\gpBBohls8kw.6.mp4,60.532017, 50.182692,54.266742
downloaded_clips\gpBBohls8kw.7.mp4,67.069914, 51.059183,57.517729
downloaded_clips\gpBBohls8kw.8.mp4,64.865852, 49.907110,55.887915
downloaded_clips\gpBBohls8kw.9.mp4,73.374995, 51.958031,60.892170
downloaded_clips\gpBNYu0siRk.0.mp4,74.672969, 50.742634,60.811293
downloaded_clips\gpBNYu0siRk.1.mp4,69.133574, 52.046524,59.004663
downloaded_clips\gpBNYu0siRk.10.mp4,76.384089, 52.048164,62.418960
downloaded_clips\gpBNYu0siRk.11.mp4,79.105561, 52.463231,64.080632
downloaded_clips\gpBNYu0siRk.12.mp4,76.776316, 52.199834,62.705417
downloaded_clips\gpBNYu0siRk.13.mp4,76.653685, 52.556429,62.846833
downloaded_clips\gpBNYu0siRk.14.mp4,75.033463, 51.433379,61.389676
downloaded_clips\gpBNYu0siRk.15.mp4,81.566556, 52.678544,65.585929
downloaded_clips\gpBNYu0siRk.16.mp4,76.464360, 52.096596,62.487437
downloaded_clips\gpBNYu0siRk.17.mp4,75.613764, 51.834505,61.909066
downloaded_clips\gpBNYu0siRk.18.mp4,78.915330, 52.929020,64.240144
downloaded_clips\gpBNYu0siRk.19.mp4,80.652001, 52.811559,65.133097
downloaded_clips\gpBNYu0siRk.2.mp4,69.023397, 51.417109,58.583218
downloaded_clips\gpBNYu0siRk.20.mp4,79.159213, 52.261231,63.995948
downloaded_clips\gpBNYu0siRk.21.mp4,81.545733, 52.720542,65.596968
downloaded_clips\gpBNYu0siRk.22.mp4,77.992422, 52.892678,63.729392
downloaded_clips\gpBNYu0siRk.23.mp4,77.378438, 51.242453,62.468313
downloaded_clips\gpBNYu0siRk.3.mp4,68.935709, 51.729130,58.729433
downloaded_clips\gpBNYu0siRk.4.mp4,78.112547, 51.777509,63.159874
downloaded_clips\gpBNYu0siRk.5.mp4,80.130099, 51.927351,64.344717
downloaded_clips\gpBNYu0siRk.6.mp4,77.682848, 53.050866,63.657342
downloaded_clips\gpBNYu0siRk.7.mp4,76.246565, 52.051648,62.351399
downloaded_clips\gpBNYu0siRk.8.mp4,80.067345, 52.789123,64.792078
downloaded_clips\gpBNYu0siRk.9.mp4,81.571119, 53.194859,65.873544
downloaded_clips\gpBuYw_jCGs.0.mp4,82.781226, 52.369167,66.142238
downloaded_clips\gpBuYw_jCGs.1.mp4,74.331191, 50.226543,60.342943
downloaded_clips\gpBuYw_jCGs.2.mp4,81.692940, 52.158840,65.372653
downloaded_clips\gpBuYw_jCGs.3.mp4,83.269094, 52.291090,66.401010
downloaded_clips\gpBuYw_jCGs.4.mp4,82.810655, 52.845441,66.420827
downloaded_clips_nominusone\gpAkjSy_8iY.2.mp4,72.763650, 50.849088,59.954731
downloaded_clips_nominusone\gpAkjSy_8iY.3.mp4,67.550852, 50.311531,57.279495
downloaded_clips_nominusone\gpAkjSy_8iY.4.mp4,69.029916, 50.837749,58.242297
downloaded_clips_nominusone\gpAkjSy_8iY.5.mp4,74.071329, 51.908352,61.196320
downloaded_clips_nominusone\gpAkjSy_8iY.7.mp4,76.518109, 50.727805,61.727667
downloaded_clips_nominusone\gpAkjSy_8iY.8.mp4,72.559009, 50.525894,59.668538
downloaded_clips_nominusone\gpAkjSy_8iY.9.mp4,75.489547, 51.291837,61.533817
downloaded_clips_nominusone\gpB2FGY5Fuk.0.mp4,65.001802, 48.375797,55.021466
downloaded_clips_nominusone\gpB2FGY5Fuk.1.mp4,72.777147, 50.942553,60.015894
downloaded_clips_nominusone\gpB2FGY5Fuk.2.mp4,71.752022, 48.456877,58.066259
downloaded_clips_nominusone\gpB2FGY5Fuk.3.mp4,69.822486, 48.999007,57.502324
downloaded_clips_nominusone\gpB2FGY5Fuk.4.mp4,77.089084, 51.590035,62.517113
downloaded_clips_nominusone\gpBBohls8kw.0.mp4,63.959681, 49.490254,55.256353
downloaded_clips_nominusone\gpBBohls8kw.1.mp4,63.976806, 49.653593,55.362093
downloaded_clips_nominusone\gpBBohls8kw.2.mp4,71.710256, 50.782137,59.422967
downloaded_clips_nominusone\gpBBohls8kw.3.mp4,67.181379, 49.845920,56.840522
downloaded_clips_nominusone\gpBBohls8kw.4.mp4,73.525629, 51.961000,60.965540
downloaded_clips_nominusone\gpBBohls8kw.5.mp4,67.545923, 49.188787,56.605202
downloaded_clips_nominusone\gpBBohls8kw.6.mp4,59.932588, 50.564623,54.256215
downloaded_clips_nominusone\gpBBohls8kw.7.mp4,66.762039, 50.828834,57.247641
downloaded_clips_nominusone\gpBBohls8kw.8.mp4,61.754371, 50.538681,54.979046
downloaded_clips_nominusone\gpBNYu0siRk.0.mp4,73.675262, 51.104159,60.537771
downloaded_clips_nominusone\gpBNYu0siRk.1.mp4,70.446568, 51.982399,59.552549
downloaded_clips_nominusone\gpBNYu0siRk.10.mp4,74.942801, 51.804046,61.559639
downloaded_clips_nominusone\gpBNYu0siRk.11.mp4,78.565342, 52.464090,63.790247
downloaded_clips_nominusone\gpBNYu0siRk.12.mp4,75.682975, 51.784591,61.914807
downloaded_clips_nominusone\gpBNYu0siRk.13.mp4,75.689244, 52.310554,62.220787
downloaded_clips_nominusone\gpBNYu0siRk.15.mp4,79.829971, 52.840650,64.689197
downloaded_clips_nominusone\gpBNYu0siRk.16.mp4,75.945412, 52.323687,62.356202
downloaded_clips_nominusone\gpBNYu0siRk.18.mp4,79.332185, 52.878564,64.437376
downloaded_clips_nominusone\gpBNYu0siRk.19.mp4,78.281389, 52.415036,63.611311
downloaded_clips_nominusone\gpBNYu0siRk.2.mp4,70.635569, 51.539366,59.376899
downloaded_clips_nominusone\gpBNYu0siRk.20.mp4,76.552887, 52.089970,62.528612
downloaded_clips_nominusone\gpBNYu0siRk.21.mp4,78.712779, 52.381639,63.822617
downloaded_clips_nominusone\gpBNYu0siRk.22.mp4,77.517986, 52.265687,63.125431
downloaded_clips_nominusone\gpBNYu0siRk.3.mp4,68.997447, 51.741282,58.763868
downloaded_clips_nominusone\gpBNYu0siRk.5.mp4,77.442230, 51.621598,62.718517
downloaded_clips_nominusone\gpBNYu0siRk.6.mp4,78.450363, 52.341902,63.659753
downloaded_clips_nominusone\gpBNYu0siRk.7.mp4,76.653012, 51.781860,62.402997
downloaded_clips_nominusone\gpBNYu0siRk.8.mp4,78.894176, 52.878485,64.200320
downloaded_clips_nominusone\gpBNYu0siRk.9.mp4,80.899709, 52.734831,65.231497
downloaded_clips_nominusone\gpBuYw_jCGs.0.mp4,80.909889, 51.969554,64.811425
downloaded_clips_nominusone\gpBuYw_jCGs.1.mp4,74.823689, 51.402617,61.268667
downloaded_clips_nominusone\gpBuYw_jCGs.2.mp4,80.067576, 51.594644,64.122752
downloaded_clips_nominusone\gpBuYw_jCGs.4.mp4,81.936423, 52.639470,65.782089
downloaded_clips_nominusone\gpC5zlF47mw.1.mp4,70.307714, 49.037648,57.745468
downloaded_clips_nominusone\gpC5zlF47mw.7.mp4,66.992164, 50.208958,56.976019
downloaded_clips_nominusone\gpCmv2FAjow.1.mp4,79.871990, 51.585554,64.008119
downloaded_clips_nominusone\gpCmv2FAjow.3.mp4,80.224392, 51.580302,64.202979
downloaded_clips_nominusone\gpCmv2FAjow.5.mp4,76.727873, 51.162452,62.085615
downloaded_clips_nominusone\gpCmv2FAjow.6.mp4,75.260119, 50.248100,60.814008
downloaded_clips_nominusone\gpDB5250zfg.0.mp4,76.493931, 52.822815,62.918098
downloaded_clips_nominusone\gpDB5250zfg.1.mp4,80.362762, 52.236650,64.648885
downloaded_clips_nominusone\gpDB5250zfg.2.mp4,82.804333, 52.991149,66.496545
downloaded_clips_nominusone\gpDB5250zfg.3.mp4,79.313115, 51.121343,63.436018
downloaded_clips_nominusone\gpDB5250zfg.4.mp4,84.279673, 53.598268,67.748076
downloaded_clips_nominusone\gpDEeX3WYGs.0.mp4,73.330251, 49.987536,59.718607
downloaded_clips_nominusone\gpDEeX3WYGs.1.mp4,70.252372, 49.783515,58.164135
downloaded_clips_nominusone\gpDEeX3WYGs.10.mp4,80.193439, 51.745286,64.278167
downloaded_clips_nominusone\gpDEeX3WYGs.11.mp4,78.176445, 51.609017,63.097935
downloaded_clips_nominusone\gpDEeX3WYGs.12.mp4,73.244716, 51.365126,60.484528
downloaded_clips_nominusone\gpDEeX3WYGs.13.mp4,81.955673, 51.610249,65.224669
downloaded_clips_nominusone\gpDEeX3WYGs.14.mp4,78.865924, 51.034838,63.142149
downloaded_clips_nominusone\gpDEeX3WYGs.15.mp4,80.517383, 51.560533,64.358021
downloaded_clips_nominusone\gpDEeX3WYGs.16.mp4,78.728145, 52.367267,63.822748
downloaded_clips_nominusone\gpDEeX3WYGs.17.mp4,79.551571, 51.991853,64.059101
downloaded_clips_nominusone\gpDEeX3WYGs.18.mp4,81.363602, 53.003836,65.647552
downloaded_clips_nominusone\gpDEeX3WYGs.19.mp4,80.679960, 51.652957,64.502622
downloaded_clips_nominusone\gpDEeX3WYGs.2.mp4,77.027504, 50.908477,62.094170
downloaded_clips_nominusone\gpDEeX3WYGs.20.mp4,69.691120, 51.517896,58.939522
downloaded_clips_nominusone\gpDEeX3WYGs.21.mp4,78.251955, 52.612172,63.707348
downloaded_clips_nominusone\gpDEeX3WYGs.3.mp4,72.565380, 51.594103,60.297867
downloaded_clips_nominusone\gpDEeX3WYGs.4.mp4,74.795919, 51.002375,61.022725
downloaded_clips_nominusone\gpDEeX3WYGs.5.mp4,74.464778, 51.102903,60.919009
downloaded_clips_nominusone\gpDEeX3WYGs.6.mp4,73.749779, 50.765244,60.375694
downloaded_clips_nominusone\gpDEeX3WYGs.7.mp4,75.953368, 50.776911,61.468746
downloaded_clips_nominusone\gpDEeX3WYGs.8.mp4,77.644197, 51.110322,62.531877
downloaded_clips_nominusone\gpDEeX3WYGs.9.mp4,76.103278, 51.228717,61.805470
downloaded_clips_nominusone\gpDeSiQ2dtg.0.mp4,75.771101, 51.827509,61.983570
downloaded_clips_nominusone\gpDeSiQ2dtg.11.mp4,72.517675, 51.785006,60.387207
downloaded_clips_nominusone\gpDeSiQ2dtg.12.mp4,73.744348, 51.026087,60.525393
downloaded_clips_nominusone\gpDeSiQ2dtg.13.mp4,77.579431, 52.485344,63.282419
downloaded_clips_nominusone\gpDeSiQ2dtg.14.mp4,72.842928, 51.374006,60.299548
downloaded_clips_nominusone\gpDeSiQ2dtg.15.mp4,72.807125, 51.094788,60.119233
downloaded_clips_nominusone\gpDeSiQ2dtg.16.mp4,73.863523, 53.372750,61.945244
downloaded_clips_nominusone\gpDeSiQ2dtg.5.mp4,68.899297, 50.768070,58.143052
downloaded_clips_nominusone\gpDeSiQ2dtg.6.mp4,62.639817, 48.058056,53.840054
downloaded_clips_nominusone\gpDeSiQ2dtg.8.mp4,73.144113, 53.280865,61.552085
downloaded_clips_nominusone\gpDeSiQ2dtg.9.mp4,74.530452, 50.537985,60.622199
downloaded_clips_nominusone\gpEbVJSoQDM.0.mp4,75.030675, 51.268303,61.292652
downloaded_clips_nominusone\gpEbVJSoQDM.29.mp4,76.552180, 50.321314,61.510398
downloaded_clips_nominusone\gpEbVJSoQDM.9.mp4,77.265067, 51.205764,62.388207
downloaded_clips_nominusone\gpEz7bgZwHI.0.mp4,68.785123, 48.975140,57.023099
downloaded_clips_nominusone\gpEz7bgZwHI.15.mp4,76.174164, 50.130470,61.206457
downloaded_clips_nominusone\gpEz7bgZwHI.31.mp4,75.561660, 50.093260,60.874880
downloaded_clips_nominusone\gpEz7bgZwHI.7.mp4,77.834985, 50.281877,62.157755
downloaded_clips_nominusone\gpAkjSy_8iY.2.mp4,73.900610, 49.867968,59.923426
downloaded_clips_nominusone\gpAkjSy_8iY.3.mp4,66.698923, 50.817246,57.213603
downloaded_clips_nominusone\gpAkjSy_8iY.2.mp4,73.676499, 50.641101,60.267866
downloaded_clips_nominusone\gpAkjSy_8iY.2.mp4,74.367830, 50.345974,60.430605
gpAkjSy_8iY.2_0,77.036046, 51.514890,62.446657
gpAkjSy_8iY.2_1,74.752212, 50.430083,60.668257
gpAkjSy_8iY.2_2,67.453521, 48.330737,56.049144
gpAkjSy_8iY.2_3,73.798361, 47.446885,58.444443
gpAkjSy_8iY.2_4,71.090982, 51.211043,59.390672
gpAkjSy_8iY.2_5,65.278287, 49.531938,55.836366
gpAkjSy_8iY.2_6,66.267066, 49.290646,56.112876
gpAkjSy_8iY.2_7,70.283081, 49.283888,57.880935
gpAkjSy_8iY.3_0,66.202534, 47.644905,55.092192
gpAkjSy_8iY.3_1,74.487253, 51.355649,61.076868
gpAkjSy_8iY.3_2,68.823804, 49.988061,57.645334
gpAkjSy_8iY.3_3,58.902610, 48.200724,52.405213
gpAkjSy_8iY.3_4,70.940821, 50.649470,58.990698
gpAkjSy_8iY.3_5,68.269580, 47.922564,56.162388
gpAkjSy_8iY.4_0,66.051334, 50.569789,56.788412
gpAkjSy_8iY.4_1,65.180330, 50.751425,56.527968
gpAkjSy_8iY.4_2,68.169808, 50.720014,57.793332
gpAkjSy_8iY.5_0,76.116192, 53.039807,62.852202
gpAkjSy_8iY.5_1,80.799321, 51.543976,64.510104
gpAkjSy_8iY.5_2,57.471954, 49.070194,52.363656
gpAkjSy_8iY.5_3,63.995192, 48.811650,54.861105
gpAkjSy_8iY.5_4,80.577653, 52.756206,65.060180
gpAkjSy_8iY.5_5,66.063695, 48.045375,55.274734
gpAkjSy_8iY.5_6,73.638484, 49.606025,59.642761
gpAkjSy_8iY.7_0,74.216697, 51.665522,61.125478
gpAkjSy_8iY.7_1,80.645459, 50.998672,64.115916
gpAkjSy_8iY.2_2,67.759092, 48.824045,56.479540
gpAkjSy_8iY.2_3,73.488611, 47.525216,58.339970
gpAkjSy_8iY.2_4,71.180408, 50.873722,59.232774
gpAkjSy_8iY.2_5,65.330945, 48.769071,55.398802
gpAkjSy_8iY.2_6,65.307321, 48.975234,55.513173
gpAkjSy_8iY.3_1,74.736003, 50.904034,60.936131
gpAkjSy_8iY.3_2,69.308161, 50.068024,57.908436
gpAkjSy_8iY.3_3,59.137584, 47.518860,52.083509
gpAkjSy_8iY.3_4,69.537413, 50.587691,58.319721
gpAkjSy_8iY.4_2,68.571314, 50.999069,58.135645
gpAkjSy_8iY.5_1,80.799321, 51.700200,64.597476
gpAkjSy_8iY.5_2,56.184714, 48.734086,51.648491
gpAkjSy_8iY.5_3,63.756222, 48.904501,54.817353
gpAkjSy_8iY.5_4,80.214844, 52.295733,64.598683
gpAkjSy_8iY.5_5,65.247965, 48.989527,55.496597
gpAkjSy_8iY.5_6,73.688625, 49.596666,59.661496
gpAkjSy_8iY.7_1,80.489903, 50.406105,63.692828
gpAkjSy_8iY.8_3,67.873506, 49.550530,56.965225
gpAkjSy_8iY.8_4,75.373434, 51.368912,61.520614
gpAkjSy_8iY.9_1,74.843532, 52.368851,61.837487
gpB2FGY5Fuk.0_1,60.819735, 48.801961,53.545694
gpB2FGY5Fuk.1_4,72.317934, 49.147886,58.742262
gpB2FGY5Fuk.2_4,73.114221, 50.166418,59.720411
gpB2FGY5Fuk.3_1,74.904352, 51.396343,61.304654
gpAkjSy_8iY.2_2,67.759092, 48.171472,56.087142
gpAkjSy_8iY.2_3,73.488611, 47.513772,58.333162
gpAkjSy_8iY.2_4,71.180408, 51.539468,59.624926
gpAkjSy_8iY.2_2,67.759092, 49.433447,56.845029
gpAkjSy_8iY.2_3,73.488611, 47.735117,58.464756
gpAkjSy_8iY.2_4,71.180408, 51.236621,59.446655
gpAkjSy_8iY.2_5,65.330945, 49.490194,55.833559
gpAkjSy_8iY.2_6,65.307321, 49.858914,56.045446
gpAkjSy_8iY.3_1,74.736003, 50.274548,60.569610
gpAkjSy_8iY.3_2,69.308161, 49.905755,57.811835
gpAkjSy_8iY.3_3,59.137584, 47.988175,52.369990
gpAkjSy_8iY.3_4,70.467155, 49.151904,57.886214
gpAkjSy_8iY.4_2,68.571314, 50.741885,57.982691
gpAkjSy_8iY.5_1,80.799321, 52.495933,65.041310
gpAkjSy_8iY.5_2,56.184714, 48.389911,51.438432
gpAkjSy_8iY.5_3,63.756222, 48.670204,54.675544
gpAkjSy_8iY.5_4,80.068099, 52.671226,64.726608
gpAkjSy_8iY.5_5,65.247965, 48.368526,55.121548
gpAkjSy_8iY.5_6,73.688625, 49.558613,59.639132
gpAkjSy_8iY.7_1,80.276719, 50.727387,63.752427
gpAkjSy_8iY.8_3,67.873506, 50.115477,57.303055
gpAkjSy_8iY.8_4,74.711901, 51.591507,61.323411
gpAkjSy_8iY.2_2,67.453521, 48.175751,55.955789
gpAkjSy_8iY.2_3,73.798361, 47.849375,58.683445
gpAkjSy_8iY.2_4,71.090982, 50.991822,59.261452
gpAkjSy_8iY.2_5,65.278287, 49.526569,55.833133
gpAkjSy_8iY.2_6,66.267066, 49.317652,56.129117
gpAkjSy_8iY.3_1,74.487253, 50.706681,60.699359
gpAkjSy_8iY.3_2,65.402896, 50.149605,56.260687
gpAkjSy_8iY.4_2,68.169808, 50.871654,57.883641
gpAkjSy_8iY.5_1,80.799321, 52.125172,64.834756
gpAkjSy_8iY.5_2,57.471954, 48.695440,52.135255
gpAkjSy_8iY.5_3,63.995192, 48.640550,54.757565
gpAkjSy_8iY.5_4,80.449054, 52.182962,64.667635
gpAkjSy_8iY.5_5,66.063695, 47.866026,55.166271
gpAkjSy_8iY.5_6,73.638484, 49.382399,59.511254
gpAkjSy_8iY.7_1,80.676060, 50.242088,63.707405
gpAkjSy_8iY.8_3,68.012349, 49.766708,57.155406
gpAkjSy_8iY.8_4,75.124631, 51.424953,61.429784
gpAkjSy_8iY.9_1,74.276992, 51.966992,61.329614
gpB2FGY5Fuk.0_1,60.547660, 48.758127,53.408517
gpB2FGY5Fuk.1_4,72.237868, 49.200340,58.735578
gpB2FGY5Fuk.2_4,73.807196, 50.126724,60.029840
gpB2FGY5Fuk.3_1,74.982955, 51.391634,61.340604
gpAkjSy_8iY.2_2,67.453521, 48.487949,56.143775
gpAkjSy_8iY.2_3,73.798361, 47.768774,58.635630
gpAkjSy_8iY.2_4,71.090982, 51.302416,59.444501
gpAkjSy_8iY.2_5,65.278287, 49.018375,55.526869
gpAkjSy_8iY.2_6,66.267066, 49.935375,56.500184
gpAkjSy_8iY.3_1,74.487253, 50.377413,60.507390
gpAkjSy_8iY.3_2,65.402896, 50.412919,56.418835
gpAkjSy_8iY.4_2,68.169808, 50.952337,57.931674
gpAkjSy_8iY.5_1,80.799321, 52.347908,64.958894
gpAkjSy_8iY.5_2,57.471954, 48.320343,51.906465
gpAkjSy_8iY.5_3,63.995192, 48.997812,54.973694
gpAkjSy_8iY.5_4,79.461961, 52.367380,64.221110
gpAkjSy_8iY.5_5,66.063695, 48.957104,55.824901
gpAkjSy_8iY.5_6,73.638484, 49.704185,59.700439
gpAkjSy_8iY.7_1,80.526306, 50.768419,63.918025
gpAkjSy_8iY.8_3,68.012349, 50.215191,57.423343
gpAkjSy_8iY.8_4,75.466377, 51.293293,61.523114
gpAkjSy_8iY.2_2,67.453521, 48.758727,56.306619
gpAkjSy_8iY.2_3,73.798361, 48.053279,58.804305
gpAkjSy_8iY.2_4,71.090982, 51.114438,59.333741
gpAkjSy_8iY.2_5,65.278287, 49.687770,55.930175
gpAkjSy_8iY.2_6,66.267066, 49.777936,56.405684
gpAkjSy_8iY.3_1,74.487253, 49.854123,60.201669
gpAkjSy_8iY.3_2,65.402896, 49.823753,56.064809
gpAkjSy_8iY.4_2,68.169808, 50.720437,57.793584
gpAkjSy_8iY.5_1,80.799321, 51.417339,64.439221
gpAkjSy_8iY.5_2,57.471954, 48.478529,52.002973
gpAkjSy_8iY.5_3,63.995192, 49.034327,54.995769
gpAkjSy_8iY.5_4,80.463245, 52.354304,64.771383
gpAkjSy_8iY.5_5,66.063695, 47.305209,54.826573
gpAkjSy_8iY.5_6,73.638484, 49.651965,59.669758
gpAkjSy_8iY.7_1,80.602242, 51.220173,64.215546
gpAkjSy_8iY.8_3,68.012349, 50.009888,57.300742
gpAkjSy_8iY.8_4,75.134436, 51.335171,61.382638
gpAkjSy_8iY.9_1,73.914790, 51.854340,61.089647
gpBBohls8kw.2_3,62.706899, 50.498703,55.345431
gpBNYu0siRk.12_2,71.852785, 51.258073,59.768907
gpBNYu0siRk.13_2,73.163018, 51.483882,60.515098
gpBNYu0siRk.22_3,77.173937, 51.114641,62.288559
gpBuYw_jCGs.0_1,78.670773, 51.855420,63.502282
gpBuYw_jCGs.0_2,61.096212, 48.062906,53.208819
gpBuYw_jCGs.1_5,65.454935, 47.309474,54.568147
gpBuYw_jCGs.1_6,78.278583, 51.559645,63.124235
gpBuYw_jCGs.2_2,79.073391, 51.442883,63.486747
gpCmv2FAjow.1_1,72.051277, 50.001407,59.121445
gpCmv2FAjow.1_2,80.668032, 52.011104,64.696050
gpDB5250zfg.1_1,78.426430, 52.076379,63.496570
gpDB5250zfg.2_2,81.212791, 51.094894,64.498598
gpDB5250zfg.2_3,82.341275, 53.734514,66.623309
gpDB5250zfg.3_2,76.205397, 50.278463,61.308134
gpDB5250zfg.3_3,80.960314, 51.702391,64.691401
gpDB5250zfg.3_4,78.369840, 52.126883,63.495027
gpDB5250zfg.3_5,74.052353, 50.232439,60.210542
gpDB5250zfg.3_6,80.301696, 52.023344,64.495077
gpDB5250zfg.4_2,81.891575, 53.620602,66.295024
gpDEeX3WYGs.0_3,73.968527, 49.935988,59.996262
gpDEeX3WYGs.10_1,72.208592, 50.100316,59.253428
gpDEeX3WYGs.10_2,79.227838, 51.281856,63.480065
gpDEeX3WYGs.11_2,81.050916, 51.448212,64.601854
gpDEeX3WYGs.11_4,76.421139, 50.549618,61.575152
gpDEeX3WYGs.12_2,75.145979, 51.151206,61.281758
gpDEeX3WYGs.13_2,75.746001, 50.992358,61.488912
gpDEeX3WYGs.14_3,80.302089, 51.404919,64.148374
gpDEeX3WYGs.14_4,77.358439, 50.243769,61.884266
gpDEeX3WYGs.16_2,78.268721, 52.560506,63.686978
gpDEeX3WYGs.16_4,78.459296, 53.408029,64.266514
gpDEeX3WYGs.16_5,70.636998, 51.812226,59.538321
gpDEeX3WYGs.16_6,77.612276, 50.374200,62.092880
gpDEeX3WYGs.16_7,74.683864, 52.453891,61.808791
gpDEeX3WYGs.17_2,73.989514, 50.490582,60.330986
gpDEeX3WYGs.17_3,77.187279, 53.001709,63.373361
gpDEeX3WYGs.17_5,77.870015, 53.551163,64.037914
gpDEeX3WYGs.18_2,80.675381, 52.667974,65.066475
gpAkjSy_8iY.2_2,67.453521, 49.001736,56.452611
gpAkjSy_8iY.2_3,73.798361, 47.990271,58.766974
gpAkjSy_8iY.2_4,71.090982, 51.325625,59.458172
gpAkjSy_8iY.2_5,65.278287, 49.798761,55.996962
gpAkjSy_8iY.2_6,66.267066, 48.956590,55.911855
gpAkjSy_8iY.3_1,74.487253, 51.103577,60.930366
gpAkjSy_8iY.3_2,65.402896, 50.026906,56.186952
gpAkjSy_8iY.2_2,67.453521, 48.209096,55.975879
gpAkjSy_8iY.2_3,73.798361, 47.997057,58.770995
gpAkjSy_8iY.2_4,71.090982, 51.276594,59.429291
gpAkjSy_8iY.2_5,65.278287, 49.567339,55.857681
gpAkjSy_8iY.2_6,66.267066, 49.383850,56.168920
gpAkjSy_8iY.3_1,74.487253, 50.621650,60.649813
gpAkjSy_8iY.3_2,65.402896, 50.122085,56.244151
gpAkjSy_8iY.2_2,67.453521, 48.775651,56.316791
gpAkjSy_8iY.2_3,73.798361, 48.176267,58.877133
gpAkjSy_8iY.2_4,71.090982, 51.254085,59.416031
gpAkjSy_8iY.2_5,65.278287, 49.666037,55.917095
gpAkjSy_8iY.2_6,66.267066, 48.648010,55.725941
gpAkjSy_8iY.3_1,74.487253, 50.858279,60.787644
gpAkjSy_8iY.3_2,65.402896, 50.394274,56.407641
gpAkjSy_8iY.4_2,68.169808, 51.075290,58.004848
gpAkjSy_8iY.5_1,80.799321, 52.560981,65.077506
gpAkjSy_8iY.5_2,57.471954, 48.292960,51.889756
gpAkjSy_8iY.5_3,63.995192, 49.010872,54.981590
gpAkjSy_8iY.5_4,80.248086, 51.798722,64.338949
gpAkjSy_8iY.5_5,66.063695, 47.388773,54.877242
gpAkjSy_8iY.5_6,73.638484, 49.319202,59.474063
gpAkjSy_8iY.7_1,80.379577, 50.628180,63.755045
gpAkjSy_8iY.8_3,68.012349, 49.592698,57.051330
gpAkjSy_8iY.8_4,75.491645, 50.668057,61.173601
gpAkjSy_8iY.9_1,74.972929, 51.702236,61.515531
gpBBohls8kw.2_3,63.100654, 50.370627,55.430601
gpBNYu0siRk.12_2,71.852785, 51.183992,59.725380
gpBNYu0siRk.22_3,77.173937, 51.152679,62.310384
gpBuYw_jCGs.0_1,78.670773, 51.515115,63.309272
gpBuYw_jCGs.0_2,61.096212, 48.399957,53.413910
gpBuYw_jCGs.1_5,65.454935, 47.341534,54.587608
gpBuYw_jCGs.1_6,78.278583, 51.638873,63.169299
gpBuYw_jCGs.2_2,79.073391, 51.752621,63.662055
gpCmv2FAjow.1_1,71.740930, 49.947394,58.944832
gpCmv2FAjow.1_2,80.486966, 51.984156,64.577955
gpDB5250zfg.1_1,78.425809, 51.863705,63.375609
gpDB5250zfg.2_2,81.212791, 50.873277,64.374552
gpDB5250zfg.2_3,82.341275, 53.828710,66.674726
gpDB5250zfg.3_2,76.205397, 50.389726,61.372557
gpDB5250zfg.3_3,80.960314, 51.764544,64.726098
gpDB5250zfg.3_4,78.369840, 51.813811,63.317390
gpDB5250zfg.3_5,74.052353, 49.478401,59.768641
gpDB5250zfg.3_6,80.301696, 52.270660,64.633486
gpDB5250zfg.4_2,81.891575, 53.943657,66.472058
gpDEeX3WYGs.10_1,72.208592, 50.156491,59.286539
gpDEeX3WYGs.10_2,79.227838, 51.310006,63.496008
gpDEeX3WYGs.11_2,81.050916, 51.507555,64.635010
gpDEeX3WYGs.11_4,76.421139, 50.313993,61.438933
gpDEeX3WYGs.12_2,75.145979, 51.721355,61.611810
gpDEeX3WYGs.13_2,75.746001, 51.076948,61.537829
gpDEeX3WYGs.14_3,80.302089, 52.258934,64.627149
gpDEeX3WYGs.14_4,77.358439, 50.137505,61.823047
gpDEeX3WYGs.16_2,78.268721, 51.941903,63.336243
gpDEeX3WYGs.16_4,78.459296, 52.804354,63.926002
gpDEeX3WYGs.16_5,70.636998, 51.254497,59.209538
gpDEeX3WYGs.16_6,77.612276, 50.176006,61.978909
gpDEeX3WYGs.16_7,74.683864, 52.723277,61.964348
gpDEeX3WYGs.17_2,73.989514, 50.332317,60.238463
gpDEeX3WYGs.17_3,77.187279, 53.317824,63.553045
gpDEeX3WYGs.17_5,77.870015, 53.044364,63.751205
gpDEeX3WYGs.18_2,80.675381, 52.918629,65.205889
gpDEeX3WYGs.19_1,76.587085, 50.437191,61.595296
gpDEeX3WYGs.19_3,73.098716, 50.643942,59.993202
gpDEeX3WYGs.1_7,78.309297, 49.523994,61.976224
gpDEeX3WYGs.20_2,80.465680, 52.615400,64.918443
gpDEeX3WYGs.20_4,77.412907, 53.467990,63.754167
gpAkjSy_8iY.2_2,67.453521, 48.698282,56.270284
gpAkjSy_8iY.2_3,73.798361, 48.225981,58.906557
gpAkjSy_8iY.2_4,71.090982, 51.327131,59.459059
gpAkjSy_8iY.2_5,65.278287, 48.926806,55.471628
gpAkjSy_8iY.2_6,66.267066, 48.706229,55.761034
gpAkjSy_8iY.3_1,74.487253, 50.498771,60.578179
gpAkjSy_8iY.3_2,65.402896, 50.184576,56.281698
gpAkjSy_8iY.4_2,68.169808, 51.496265,58.255184
gpAkjSy_8iY.5_1,80.799321, 52.971057,65.305407
gpAkjSy_8iY.5_2,57.471954, 48.599390,52.076687
gpAkjSy_8iY.2_2,67.453521, 48.377831,56.077498
gpAkjSy_8iY.2_3,73.798361, 48.047003,58.800587
gpAkjSy_8iY.2_4,71.090982, 51.355530,59.475784
gpAkjSy_8iY.2_5,65.278287, 49.556491,55.851150
gpAkjSy_8iY.2_6,66.267066, 48.924956,55.892806
gpAkjSy_8iY.3_1,74.487253, 50.759487,60.730118
gpAkjSy_8iY.3_2,65.402896, 49.883099,56.100498
gpAkjSy_8iY.4_2,68.169808, 51.112150,58.026780
gpAkjSy_8iY.5_1,80.799321, 53.013029,65.328706
gpAkjSy_8iY.5_2,57.471954, 48.536631,52.038412
gpAkjSy_8iY.5_3,63.995192, 49.028562,54.992284
gpAkjSy_8iY.5_4,80.365658, 51.723355,64.363127
gpAkjSy_8iY.5_5,66.063695, 48.414324,55.497607
gpAkjSy_8iY.5_6,73.638484, 49.632268,59.658184
gpAkjSy_8iY.7_1,80.648882, 50.728066,63.965686
gpAkjSy_8iY.8_3,68.012349, 50.087544,57.347127
gpAkjSy_8iY.8_4,75.441594, 50.905664,61.286352
gpAkjSy_8iY.2_2,67.453521, 48.708595,56.276484
gpAkjSy_8iY.2_3,73.798361, 48.208585,58.896262
gpAkjSy_8iY.2_4,71.090982, 51.228014,59.400671
gpAkjSy_8iY.2_5,65.278287, 49.159955,55.612245
gpAkjSy_8iY.2_6,66.267066, 49.152322,56.029668
gpAkjSy_8iY.3_1,74.487253, 50.095752,60.342934
gpAkjSy_8iY.3_2,65.402896, 50.234128,56.311465
gpAkjSy_8iY.4_2,68.169808, 50.850455,57.871019
gpAkjSy_8iY.5_1,80.799321, 51.955444,64.740058
gpAkjSy_8iY.5_2,57.471954, 48.453959,51.987986
gpAkjSy_8iY.5_3,63.995192, 48.937899,54.937466
gpAkjSy_8iY.5_4,80.713090, 52.039336,64.737542
gpAkjSy_8iY.5_5,66.063695, 48.289199,55.422059
gpAkjSy_8iY.5_6,73.638484, 49.762289,59.734567
gpAkjSy_8iY.7_1,80.456395, 50.514537,63.734834
gpAkjSy_8iY.8_3,68.012349, 50.163040,57.392208
gpAkjSy_8iY.8_4,75.272381, 51.296846,61.428748
gpAkjSy_8iY.9_1,74.311177, 51.762518,61.227536
gpBNYu0siRk.12_2,71.852785, 51.538433,59.933524
gpBNYu0siRk.22_3,77.173937, 51.542195,62.533632
gpBuYw_jCGs.0_1,78.670773, 51.774697,63.456529
gpBuYw_jCGs.0_2,61.096212, 47.349294,52.773869
gpBuYw_jCGs.1_5,65.454935, 47.016828,54.390377
gpBuYw_jCGs.1_6,78.278583, 51.686809,63.196555
gpBuYw_jCGs.2_2,79.073391, 51.566569,63.556787
gpCmv2FAjow.1_1,71.942159, 49.799526,58.951247
gpCmv2FAjow.1_2,81.359381, 51.717338,64.931636
gpDB5250zfg.1_1,78.419690, 51.837666,63.357560
gpDB5250zfg.2_2,81.212791, 51.386796,64.661724
gpDB5250zfg.2_3,82.341275, 53.753550,66.633702
gpDB5250zfg.3_2,76.205397, 50.223084,61.276054
gpDB5250zfg.3_3,80.960314, 51.985302,64.849235
gpDB5250zfg.3_4,78.369840, 51.644006,63.220926
gpDB5250zfg.3_5,74.052353, 49.263728,59.642522
gpDB5250zfg.3_6,80.301696, 52.447098,64.732116
gpDB5250zfg.4_2,81.891575, 53.888166,66.441669
gpDEeX3WYGs.0_3,73.761163, 50.526167,60.241425
gpDEeX3WYGs.10_1,72.208592, 50.160913,59.289144
gpDEeX3WYGs.10_2,79.227838, 50.952137,63.293137
gpDEeX3WYGs.11_2,81.050916, 51.097127,64.405456
gpDEeX3WYGs.11_4,76.421139, 50.221003,61.385128
gpDEeX3WYGs.12_2,75.145979, 51.665962,61.579781
gpDEeX3WYGs.13_2,75.746001, 51.696396,61.895455
gpDEeX3WYGs.14_3,80.302089, 51.581074,64.247317
gpDEeX3WYGs.14_4,77.358439, 50.214330,61.867310
gpDEeX3WYGs.16_2,78.268721, 52.298748,63.538693
gpDEeX3WYGs.16_4,78.459296, 53.091584,64.088132
gpDEeX3WYGs.16_5,70.636998, 51.431287,59.313823
gpDEeX3WYGs.16_6,77.612276, 50.495350,62.162484
gpDEeX3WYGs.16_7,74.683864, 52.862793,62.044851
gpDEeX3WYGs.17_2,73.989514, 50.622166,60.407860
gpDEeX3WYGs.17_3,77.187279, 53.494500,63.653371
gpDEeX3WYGs.17_5,77.870015, 53.351299,63.924918
gpDEeX3WYGs.18_2,80.675381, 53.036010,65.271114
gpDEeX3WYGs.19_1,76.587085, 50.482154,61.621264
gpDEeX3WYGs.19_3,73.098716, 51.092148,60.255649
gpDEeX3WYGs.1_7,78.309297, 48.618496,61.453661
gpDEeX3WYGs.20_2,80.465680, 52.559882,64.887483
gpDEeX3WYGs.20_4,77.412907, 52.915025,63.440318
gpDEeX3WYGs.20_5,74.463832, 50.971126,60.841886
gpDEeX3WYGs.21_3,71.456855, 49.955359,58.817766
gpDEeX3WYGs.21_4,79.398838, 52.538041,64.282475
gpDEeX3WYGs.2_3,70.736856, 50.195754,58.629145
gpDEeX3WYGs.3_11,72.629484, 50.979397,59.967916
gpDEeX3WYGs.3_2,78.921460, 51.627591,63.508684
gpDEeX3WYGs.3_3,75.133964, 50.900966,61.130672
gpDEeX3WYGs.3_4,78.563946, 51.787948,63.406614
gpDEeX3WYGs.4_3,78.727277, 50.810127,62.938942
gpDEeX3WYGs.4_4,75.025508, 49.645981,60.346067
gpDEeX3WYGs.4_5,80.192648, 50.887527,63.795066
gpDEeX3WYGs.4_6,78.299798, 51.503094,63.103382
gpDEeX3WYGs.4_8,75.999533, 50.969962,61.603669
gpDEeX3WYGs.6_2,69.947721, 50.081585,58.203425
gpDEeX3WYGs.6_3,70.703168, 49.772834,58.363059
gpDEeX3WYGs.6_5,74.823349, 51.102357,61.094278
gpDEeX3WYGs.7_2,78.836285, 51.923449,63.630058
gpDEeX3WYGs.7_3,72.576360, 49.810501,59.255677
gpDEeX3WYGs.8_1,77.416842, 51.292812,62.517199
gpDEeX3WYGs.8_2,74.150605, 50.324153,60.311933
gpDEeX3WYGs.9_1,79.898399, 51.482513,63.964845
gpDEeX3WYGs.9_2,68.298728, 50.282672,57.589228
gpDEeX3WYGs.9_3,72.185642, 50.175459,59.286965
gpDEeX3WYGs.9_5,76.842067, 51.681878,62.442481
gpDEeX3WYGs.9_6,69.663609, 50.004621,58.029853
gpDeSiQ2dtg.0_1,69.311858, 49.328684,57.469447
gpDeSiQ2dtg.0_2,76.314149, 51.844140,62.266408
gpDeSiQ2dtg.11_2,69.911893, 53.415176,60.156470
gpDeSiQ2dtg.12_1,79.845638, 50.960626,63.640856
gpDeSiQ2dtg.12_2,70.355433, 50.558354,58.670421
gpDeSiQ2dtg.13_1,73.114453, 53.223918,61.505113
gpDeSiQ2dtg.13_2,73.704300, 49.758837,59.764332
gpDeSiQ2dtg.14_2,72.629477, 53.274984,61.308272
gpDeSiQ2dtg.14_3,66.379350, 49.718483,56.418148
gpDeSiQ2dtg.15_3,56.374526, 49.187519,52.000054
gpDeSiQ2dtg.6_2,53.448066, 46.055691,48.933045
gpDeSiQ2dtg.6_5,56.089816, 45.406322,49.572530
gpDeSiQ2dtg.6_6,72.820207, 54.056349,61.850710
gpDeSiQ2dtg.6_8,72.352348, 54.019271,61.612779
gpDeSiQ2dtg.9_1,80.124443, 52.051198,64.410999
gpEz7bgZwHI.15_1,73.849131, 49.625904,59.756415
gpEz7bgZwHI.7_1,73.120359, 50.416487,59.870126
gpFGexIP-Tg.10_1,85.614678, 53.300664,68.473444
gpFGexIP-Tg.10_2,71.179610, 50.417832,58.963300
gpFGexIP-Tg.10_3,72.343827, 50.629504,59.628338
gpFGexIP-Tg.10_4,82.704015, 52.481132,66.156423
gpFGexIP-Tg.12_1,72.724548, 50.310301,59.619939
gpFGexIP-Tg.13_2,67.695105, 50.072656,57.199568
gpFGexIP-Tg.14_2,77.200581, 51.506647,62.527090
gpFGexIP-Tg.14_3,69.854034, 47.572427,56.662265
gpFGexIP-Tg.15_3,75.235301, 50.989280,61.232159
gpFGexIP-Tg.16_1,65.190518, 48.682475,55.286872
gpFGexIP-Tg.17_2,72.961807, 51.292111,60.307771
gpFGexIP-Tg.20_1,74.949961, 50.871107,61.022341
gpFRS5q6FiI.19_1,69.001847, 50.077267,57.777512
gpFRS5q6FiI.1_1,73.411235, 51.506108,60.646033
gpFRS5q6FiI.4_1,61.210594, 49.445680,54.095559
gpFRS5q6FiI.7_2,67.345805, 49.495618,56.702006
gpFRS5q6FiI.9_2,63.663579, 49.193838,54.953687
gpFet_Neuz8.2_1,78.917261, 50.803979,63.038815
gpFet_Neuz8.4_1,68.888439, 50.623607,58.052362
gpFet_Neuz8.4_10,80.533311, 53.033330,65.189326
gpFet_Neuz8.4_2,77.204087, 51.602441,62.583747
gpFet_Neuz8.5_10,69.979458, 49.617289,57.941729
gpFet_Neuz8.5_4,77.465881, 50.455110,62.062293
gpGL_YTxYv4.0_3,69.407808, 50.099969,57.971960
gpGL_YTxYv4.0_4,57.954772, 47.344251,51.502683
gpGL_YTxYv4.0_5,73.988496, 50.562043,60.372248
gpGL_YTxYv4.11_1,67.620909, 47.935129,55.884074
gpGL_YTxYv4.13_2,60.427739, 47.134426,52.370292
gpGL_YTxYv4.13_3,70.885702, 51.120465,59.243561
gpGL_YTxYv4.14_2,73.729138, 50.033205,59.937308
gpGL_YTxYv4.14_3,69.426182, 48.398968,56.964787
gpGL_YTxYv4.15_2,73.956311, 52.724824,61.614571
gpGL_YTxYv4.15_3,69.745825, 48.841299,57.373518
gpGL_YTxYv4.16_2,69.097568, 50.794080,58.246362
gpGL_YTxYv4.16_3,68.482406, 50.325644,57.695670
gpGL_YTxYv4.1_1,66.749776, 49.270623,56.308659
gpGL_YTxYv4.2_2,63.928457, 48.777393,54.812443
gpGL_YTxYv4.3_2,70.206919, 50.283196,58.440143
gpGL_YTxYv4.4_1,71.349366, 50.898999,59.325271
gpGL_YTxYv4.4_2,71.176973, 50.454484,58.983743
gpGL_YTxYv4.5_2,70.848224, 50.437553,58.823113
gpGL_YTxYv4.5_3,69.036930, 50.279319,57.913397
gpGL_YTxYv4.5_4,68.078725, 49.615078,57.093857
gpGL_YTxYv4.5_5,75.466532, 50.751889,61.209664
gpGL_YTxYv4.5_6,70.504270, 49.173842,57.916217
gpGL_YTxYv4.6_2,69.435746, 49.186785,57.440270
gpGL_YTxYv4.6_3,79.283147, 50.678484,63.168225
gpGL_YTxYv4.7_2,72.220460, 50.031194,59.218240
gpGL_YTxYv4.7_3,70.934211, 49.898021,58.543070
gpGL_YTxYv4.8_5,79.143969, 49.671456,62.517178
gpGL_YTxYv4.9_1,72.426213, 50.031202,59.314924
gpGL_YTxYv4.9_2,65.697613, 49.878300,56.222799
gpGkEeBRTwc.2_2,70.430320, 51.701761,59.379835
gpH0BRXBOKQ.25_1,80.025157, 52.320066,64.506138
gpH0BRXBOKQ.31_2,75.287562, 52.493041,62.126906
gpH0BRXBOKQ.31_3,76.916130, 52.039108,62.685072
gpH0BRXBOKQ.5_1,76.510705, 52.956687,63.003056
gpH0BRXBOKQ.9_1,80.711852, 52.532019,65.011530
gpHTyYrSxuQ.160_1,77.023177, 50.938016,62.108908
gpHTyYrSxuQ.429_1,79.868415, 51.802491,64.128201
gpHTyYrSxuQ.79_1,77.174699, 51.181445,62.327282
gpIevrbaBho.0_1,80.389374, 52.829290,64.994685
gpIevrbaBho.110_1,77.331218, 51.239185,62.441814
gpIevrbaBho.18_1,80.890183, 52.204376,64.930987
gpIevrbaBho.28_2,78.711141, 52.110513,63.668440
gpIevrbaBho.62_1,82.458369, 53.046320,66.317191
gpIevrbaBho.78_1,82.025755, 52.371100,65.687195
gpJSFFktHbs.10_5,66.429186, 48.848700,55.916622
gpJSFFktHbs.13_2,71.902553, 50.886950,59.573831
gpJSFFktHbs.16_6,67.501568, 49.111123,56.539241
gpJSFFktHbs.17_3,70.173591, 50.304342,58.437610
gpJSFFktHbs.2_1,66.632535, 50.830599,57.193093
gpJSFFktHbs.9_2,70.667167, 50.457333,58.752218
gpJSFFktHbs.9_3,67.872785, 47.508386,55.737331
gpJhTMFMSTg.10_1,78.672268, 53.030285,64.166920
gpJhTMFMSTg.12_2,78.727669, 52.179952,63.716608
gpJhTMFMSTg.14_1,80.396613, 51.646587,64.337622
gpJhTMFMSTg.17_1,79.168868, 51.455302,63.545959
gpJhTMFMSTg.1_2,81.333041, 52.414498,65.303583
gpJhTMFMSTg.1_3,80.644708, 52.159874,64.765824
gpJhTMFMSTg.3_3,81.411291, 52.497917,65.395357
gpJhTMFMSTg.3_4,81.514641, 53.738176,66.139832
gpJhTMFMSTg.4_1,81.762708, 52.907355,65.827210
gpJhTMFMSTg.4_2,82.040876, 53.085451,66.089364
gpJhTMFMSTg.4_3,79.088037, 52.431908,64.053477
gpJhTMFMSTg.5_1,79.949462, 51.787895,64.165227
gpJhTMFMSTg.5_2,80.491777, 53.222460,65.271080
gpJhTMFMSTg.5_3,79.316859, 52.652324,64.301946
gpJhTMFMSTg.6_1,78.847829, 52.152015,63.765553
gpJhTMFMSTg.6_2,79.718276, 51.428000,63.833658
gpJhTMFMSTg.6_3,77.532352, 53.168989,63.646268
