downloaded_clips\gpAkjSy_8iY.0.mp4,79.004650, 51.306665,63.372042
downloaded_clips\gpAkjSy_8iY.0.mp4,78.749927, 51.969149,63.609320
downloaded_clips\gpAkjSy_8iY.1.mp4,80.375310, 52.236253,64.655745
downloaded_clips\gpAkjSy_8iY.10.mp4,77.759580, 52.454379,63.358804
downloaded_clips\gpAkjSy_8iY.2.mp4,71.076430, 49.547177,58.400408
downloaded_clips\gpAkjSy_8iY.3.mp4,66.639198, 49.945725,56.666163
downloaded_clips\gpAkjSy_8iY.4.mp4,67.735537, 51.326969,57.965361
downloaded_clips\gpAkjSy_8iY.5.mp4,75.023745, 50.431106,60.803003
downloaded_clips\gpAkjSy_8iY.6.mp4,67.052079, 50.270595,57.038788
downloaded_clips\gpAkjSy_8iY.7.mp4,77.932160, 51.227682,62.750925
downloaded_clips\gpAkjSy_8iY.8.mp4,73.886850, 50.515962,60.296137
downloaded_clips\gpAkjSy_8iY.9.mp4,75.588095, 50.787335,61.291025
downloaded_clips\gpB2FGY5Fuk.0.mp4,63.818929, 48.474003,54.582927
downloaded_clips\gpB2FGY5Fuk.1.mp4,74.507807, 51.378852,61.100364
downloaded_clips\gpB2FGY5Fuk.2.mp4,72.715265, 48.960436,58.819524
downloaded_clips\gpB2FGY5Fuk.3.mp4,70.731983, 49.404150,58.157324
downloaded_clips\gpB2FGY5Fuk.4.mp4,77.595781, 51.594194,62.783101
downloaded_clips\gpB2FGY5Fuk.5.mp4,65.210478, 50.523767,56.404032
downloaded_clips\gpBBohls8kw.0.mp4,64.535187, 49.344228,55.409480
downloaded_clips\gpBBohls8kw.1.mp4,64.706768, 49.492503,55.571125
downloaded_clips\gpBBohls8kw.10.mp4,73.445077, 51.791858,60.828707
downloaded_clips\gpBBohls8kw.2.mp4,73.912169, 51.525466,60.897128
downloaded_clips\gpBBohls8kw.3.mp4,65.266280, 49.472126,55.795258
downloaded_clips\gpBBohls8kw.4.mp4,76.007651, 51.161943,61.718630
downloaded_clips\gpBBohls8kw.5.mp4,68.322982, 49.936274,57.393200
downloaded_clips\gpBBohls8kw.6.mp4,60.986298, 50.351214,54.552949
downloaded_clips\gpBBohls8kw.7.mp4,69.094824, 51.682731,58.772200
downloaded_clips\gpBBohls8kw.8.mp4,65.075924, 50.452203,56.304266
downloaded_clips\gpBBohls8kw.9.mp4,73.226462, 52.300173,61.020974
downloaded_clips\gpBNYu0siRk.0.mp4,75.049727, 51.537702,61.458099
downloaded_clips\gpBNYu0siRk.1.mp4,71.751539, 52.499887,60.450260
downloaded_clips\gpBNYu0siRk.10.mp4,76.395088, 52.174141,62.496782
downloaded_clips\gpBNYu0siRk.11.mp4,78.930571, 52.164801,63.817486
downloaded_clips\gpBNYu0siRk.12.mp4,76.548218, 52.375504,62.689772
downloaded_clips\gpBNYu0siRk.13.mp4,76.481214, 51.985671,62.432385
downloaded_clips\gpBNYu0siRk.14.mp4,75.132518, 51.827165,61.666336
downloaded_clips\gpBNYu0siRk.15.mp4,81.087010, 52.680481,65.308782
downloaded_clips\gpBNYu0siRk.16.mp4,76.319749, 52.312002,62.537718
downloaded_clips\gpBNYu0siRk.17.mp4,75.485623, 51.332949,61.555636
downloaded_clips\gpBNYu0siRk.18.mp4,79.126121, 52.275409,63.985944
downloaded_clips\gpBNYu0siRk.19.mp4,80.536800, 53.172265,65.268529
downloaded_clips\gpBNYu0siRk.2.mp4,71.336486, 51.148827,59.466524
downloaded_clips\gpBNYu0siRk.20.mp4,78.485534, 51.973655,63.469913
downloaded_clips\gpBNYu0siRk.21.mp4,81.119941, 52.489514,65.221776
downloaded_clips\gpBNYu0siRk.22.mp4,78.440604, 53.393288,64.248316
downloaded_clips\gpBNYu0siRk.23.mp4,77.378438, 51.433878,62.577907
downloaded_clips\gpBNYu0siRk.3.mp4,69.307086, 51.578726,58.804616
downloaded_clips\gpBNYu0siRk.4.mp4,77.930154, 52.335357,63.380636
downloaded_clips\gpBNYu0siRk.5.mp4,79.096609, 52.104321,63.873388
downloaded_clips\gpBNYu0siRk.6.mp4,76.986671, 52.622585,63.054527
downloaded_clips\gpBNYu0siRk.7.mp4,75.561858, 53.105282,62.614157
downloaded_clips\gpBNYu0siRk.8.mp4,78.973687, 52.434465,63.992997
downloaded_clips\gpBNYu0siRk.9.mp4,81.099630, 52.665135,65.307534
downloaded_clips\gpBuYw_jCGs.0.mp4,81.657837, 51.883324,65.199237
downloaded_clips\gpBuYw_jCGs.1.mp4,74.947802, 50.519345,60.816760
downloaded_clips\gpBuYw_jCGs.2.mp4,81.384304, 51.602267,64.882160
downloaded_clips\gpBuYw_jCGs.3.mp4,83.276010, 52.540637,66.541432
downloaded_clips\gpBuYw_jCGs.4.mp4,80.988422, 52.762718,65.297777
downloaded_clips\gpAkjSy_8iY.0.mp4,79.217935, 52.303895,64.051967
downloaded_clips\gpAkjSy_8iY.1.mp4,80.416878, 51.377716,64.198238
downloaded_clips\gpAkjSy_8iY.10.mp4,77.032501, 52.944430,63.261411
downloaded_clips\gpAkjSy_8iY.2.mp4,73.198041, 49.837039,59.566863
downloaded_clips\gpAkjSy_8iY.3.mp4,67.887129, 50.963666,57.814969
downloaded_clips\gpAkjSy_8iY.4.mp4,69.732978, 52.022358,59.256296
downloaded_clips\gpAkjSy_8iY.5.mp4,75.180557, 51.353298,61.415945
downloaded_clips\gpAkjSy_8iY.6.mp4,67.918967, 50.048698,57.283042
downloaded_clips\gpAkjSy_8iY.7.mp4,76.300166, 51.707715,62.180930
downloaded_clips\gpAkjSy_8iY.8.mp4,74.958089, 50.555424,60.842838
downloaded_clips\gpAkjSy_8iY.9.mp4,75.727165, 51.228290,61.615854
downloaded_clips\gpB2FGY5Fuk.0.mp4,65.718764, 48.117950,55.170761
downloaded_clips\gpB2FGY5Fuk.1.mp4,74.981916, 51.130428,61.188648
downloaded_clips\gpB2FGY5Fuk.2.mp4,72.078925, 48.880773,58.471443
downloaded_clips\gpB2FGY5Fuk.3.mp4,70.755806, 49.578479,58.271781
downloaded_clips\gpB2FGY5Fuk.4.mp4,77.563784, 51.592471,62.765369
downloaded_clips\gpB2FGY5Fuk.5.mp4,64.621139, 50.460405,56.117871
downloaded_clips\gpBBohls8kw.0.mp4,66.101430, 49.386537,56.099536
downloaded_clips\gpBBohls8kw.1.mp4,66.185656, 49.679805,56.311874
downloaded_clips\gpBBohls8kw.10.mp4,73.421645, 52.092232,60.992448
downloaded_clips\gpBBohls8kw.2.mp4,71.804010, 51.548373,59.916806
downloaded_clips\gpBBohls8kw.3.mp4,64.428409, 50.453046,56.032647
downloaded_clips\gpBBohls8kw.4.mp4,74.635145, 51.833948,61.426419
downloaded_clips\gpBBohls8kw.5.mp4,68.125721, 49.654958,57.138352
downloaded_clips\gpBBohls8kw.6.mp4,60.532017, 50.182692,54.266742
downloaded_clips\gpBBohls8kw.7.mp4,67.069914, 51.059183,57.517729
downloaded_clips\gpBBohls8kw.8.mp4,64.865852, 49.907110,55.887915
downloaded_clips\gpBBohls8kw.9.mp4,73.374995, 51.958031,60.892170
downloaded_clips\gpBNYu0siRk.0.mp4,74.672969, 50.742634,60.811293
downloaded_clips\gpBNYu0siRk.1.mp4,69.133574, 52.046524,59.004663
downloaded_clips\gpBNYu0siRk.10.mp4,76.384089, 52.048164,62.418960
downloaded_clips\gpBNYu0siRk.11.mp4,79.105561, 52.463231,64.080632
downloaded_clips\gpBNYu0siRk.12.mp4,76.776316, 52.199834,62.705417
downloaded_clips\gpBNYu0siRk.13.mp4,76.653685, 52.556429,62.846833
downloaded_clips\gpBNYu0siRk.14.mp4,75.033463, 51.433379,61.389676
downloaded_clips\gpBNYu0siRk.15.mp4,81.566556, 52.678544,65.585929
downloaded_clips\gpBNYu0siRk.16.mp4,76.464360, 52.096596,62.487437
downloaded_clips\gpBNYu0siRk.17.mp4,75.613764, 51.834505,61.909066
downloaded_clips\gpBNYu0siRk.18.mp4,78.915330, 52.929020,64.240144
downloaded_clips\gpBNYu0siRk.19.mp4,80.652001, 52.811559,65.133097
downloaded_clips\gpBNYu0siRk.2.mp4,69.023397, 51.417109,58.583218
downloaded_clips\gpBNYu0siRk.20.mp4,79.159213, 52.261231,63.995948
downloaded_clips\gpBNYu0siRk.21.mp4,81.545733, 52.720542,65.596968
downloaded_clips\gpBNYu0siRk.22.mp4,77.992422, 52.892678,63.729392
downloaded_clips\gpBNYu0siRk.23.mp4,77.378438, 51.242453,62.468313
downloaded_clips\gpBNYu0siRk.3.mp4,68.935709, 51.729130,58.729433
downloaded_clips\gpBNYu0siRk.4.mp4,78.112547, 51.777509,63.159874
downloaded_clips\gpBNYu0siRk.5.mp4,80.130099, 51.927351,64.344717
downloaded_clips\gpBNYu0siRk.6.mp4,77.682848, 53.050866,63.657342
downloaded_clips\gpBNYu0siRk.7.mp4,76.246565, 52.051648,62.351399
downloaded_clips\gpBNYu0siRk.8.mp4,80.067345, 52.789123,64.792078
downloaded_clips\gpBNYu0siRk.9.mp4,81.571119, 53.194859,65.873544
downloaded_clips\gpBuYw_jCGs.0.mp4,82.781226, 52.369167,66.142238
downloaded_clips\gpBuYw_jCGs.1.mp4,74.331191, 50.226543,60.342943
downloaded_clips\gpBuYw_jCGs.2.mp4,81.692940, 52.158840,65.372653
downloaded_clips\gpBuYw_jCGs.3.mp4,83.269094, 52.291090,66.401010
downloaded_clips\gpBuYw_jCGs.4.mp4,82.810655, 52.845441,66.420827
downloaded_clips_nominusone\gpAkjSy_8iY.2.mp4,72.763650, 50.849088,59.954731
downloaded_clips_nominusone\gpAkjSy_8iY.3.mp4,67.550852, 50.311531,57.279495
downloaded_clips_nominusone\gpAkjSy_8iY.4.mp4,69.029916, 50.837749,58.242297
downloaded_clips_nominusone\gpAkjSy_8iY.5.mp4,74.071329, 51.908352,61.196320
downloaded_clips_nominusone\gpAkjSy_8iY.7.mp4,76.518109, 50.727805,61.727667
downloaded_clips_nominusone\gpAkjSy_8iY.8.mp4,72.559009, 50.525894,59.668538
downloaded_clips_nominusone\gpAkjSy_8iY.9.mp4,75.489547, 51.291837,61.533817
downloaded_clips_nominusone\gpB2FGY5Fuk.0.mp4,65.001802, 48.375797,55.021466
downloaded_clips_nominusone\gpB2FGY5Fuk.1.mp4,72.777147, 50.942553,60.015894
downloaded_clips_nominusone\gpB2FGY5Fuk.2.mp4,71.752022, 48.456877,58.066259
downloaded_clips_nominusone\gpB2FGY5Fuk.3.mp4,69.822486, 48.999007,57.502324
downloaded_clips_nominusone\gpB2FGY5Fuk.4.mp4,77.089084, 51.590035,62.517113
downloaded_clips_nominusone\gpBBohls8kw.0.mp4,63.959681, 49.490254,55.256353
downloaded_clips_nominusone\gpBBohls8kw.1.mp4,63.976806, 49.653593,55.362093
downloaded_clips_nominusone\gpBBohls8kw.2.mp4,71.710256, 50.782137,59.422967
downloaded_clips_nominusone\gpBBohls8kw.3.mp4,67.181379, 49.845920,56.840522
downloaded_clips_nominusone\gpBBohls8kw.4.mp4,73.525629, 51.961000,60.965540
downloaded_clips_nominusone\gpBBohls8kw.5.mp4,67.545923, 49.188787,56.605202
downloaded_clips_nominusone\gpBBohls8kw.6.mp4,59.932588, 50.564623,54.256215
downloaded_clips_nominusone\gpBBohls8kw.7.mp4,66.762039, 50.828834,57.247641
downloaded_clips_nominusone\gpBBohls8kw.8.mp4,61.754371, 50.538681,54.979046
downloaded_clips_nominusone\gpBNYu0siRk.0.mp4,73.675262, 51.104159,60.537771
downloaded_clips_nominusone\gpBNYu0siRk.1.mp4,70.446568, 51.982399,59.552549
downloaded_clips_nominusone\gpBNYu0siRk.10.mp4,74.942801, 51.804046,61.559639
downloaded_clips_nominusone\gpBNYu0siRk.11.mp4,78.565342, 52.464090,63.790247
downloaded_clips_nominusone\gpBNYu0siRk.12.mp4,75.682975, 51.784591,61.914807
downloaded_clips_nominusone\gpBNYu0siRk.13.mp4,75.689244, 52.310554,62.220787
downloaded_clips_nominusone\gpBNYu0siRk.15.mp4,79.829971, 52.840650,64.689197
downloaded_clips_nominusone\gpBNYu0siRk.16.mp4,75.945412, 52.323687,62.356202
downloaded_clips_nominusone\gpBNYu0siRk.18.mp4,79.332185, 52.878564,64.437376
downloaded_clips_nominusone\gpBNYu0siRk.19.mp4,78.281389, 52.415036,63.611311
downloaded_clips_nominusone\gpBNYu0siRk.2.mp4,70.635569, 51.539366,59.376899
downloaded_clips_nominusone\gpBNYu0siRk.20.mp4,76.552887, 52.089970,62.528612
downloaded_clips_nominusone\gpBNYu0siRk.21.mp4,78.712779, 52.381639,63.822617
downloaded_clips_nominusone\gpBNYu0siRk.22.mp4,77.517986, 52.265687,63.125431
downloaded_clips_nominusone\gpBNYu0siRk.3.mp4,68.997447, 51.741282,58.763868
downloaded_clips_nominusone\gpBNYu0siRk.5.mp4,77.442230, 51.621598,62.718517
downloaded_clips_nominusone\gpBNYu0siRk.6.mp4,78.450363, 52.341902,63.659753
downloaded_clips_nominusone\gpBNYu0siRk.7.mp4,76.653012, 51.781860,62.402997
downloaded_clips_nominusone\gpBNYu0siRk.8.mp4,78.894176, 52.878485,64.200320
downloaded_clips_nominusone\gpBNYu0siRk.9.mp4,80.899709, 52.734831,65.231497
downloaded_clips_nominusone\gpBuYw_jCGs.0.mp4,80.909889, 51.969554,64.811425
downloaded_clips_nominusone\gpBuYw_jCGs.1.mp4,74.823689, 51.402617,61.268667
downloaded_clips_nominusone\gpBuYw_jCGs.2.mp4,80.067576, 51.594644,64.122752
downloaded_clips_nominusone\gpBuYw_jCGs.4.mp4,81.936423, 52.639470,65.782089
downloaded_clips_nominusone\gpC5zlF47mw.1.mp4,70.307714, 49.037648,57.745468
downloaded_clips_nominusone\gpC5zlF47mw.7.mp4,66.992164, 50.208958,56.976019
downloaded_clips_nominusone\gpCmv2FAjow.1.mp4,79.871990, 51.585554,64.008119
downloaded_clips_nominusone\gpCmv2FAjow.3.mp4,80.224392, 51.580302,64.202979
downloaded_clips_nominusone\gpCmv2FAjow.5.mp4,76.727873, 51.162452,62.085615
downloaded_clips_nominusone\gpCmv2FAjow.6.mp4,75.260119, 50.248100,60.814008
downloaded_clips_nominusone\gpDB5250zfg.0.mp4,76.493931, 52.822815,62.918098
downloaded_clips_nominusone\gpDB5250zfg.1.mp4,80.362762, 52.236650,64.648885
downloaded_clips_nominusone\gpDB5250zfg.2.mp4,82.804333, 52.991149,66.496545
downloaded_clips_nominusone\gpDB5250zfg.3.mp4,79.313115, 51.121343,63.436018
downloaded_clips_nominusone\gpDB5250zfg.4.mp4,84.279673, 53.598268,67.748076
downloaded_clips_nominusone\gpDEeX3WYGs.0.mp4,73.330251, 49.987536,59.718607
downloaded_clips_nominusone\gpDEeX3WYGs.1.mp4,70.252372, 49.783515,58.164135
downloaded_clips_nominusone\gpDEeX3WYGs.10.mp4,80.193439, 51.745286,64.278167
downloaded_clips_nominusone\gpDEeX3WYGs.11.mp4,78.176445, 51.609017,63.097935
downloaded_clips_nominusone\gpDEeX3WYGs.12.mp4,73.244716, 51.365126,60.484528
downloaded_clips_nominusone\gpDEeX3WYGs.13.mp4,81.955673, 51.610249,65.224669
downloaded_clips_nominusone\gpDEeX3WYGs.14.mp4,78.865924, 51.034838,63.142149
downloaded_clips_nominusone\gpDEeX3WYGs.15.mp4,80.517383, 51.560533,64.358021
downloaded_clips_nominusone\gpDEeX3WYGs.16.mp4,78.728145, 52.367267,63.822748
downloaded_clips_nominusone\gpDEeX3WYGs.17.mp4,79.551571, 51.991853,64.059101
downloaded_clips_nominusone\gpDEeX3WYGs.18.mp4,81.363602, 53.003836,65.647552
downloaded_clips_nominusone\gpDEeX3WYGs.19.mp4,80.679960, 51.652957,64.502622
downloaded_clips_nominusone\gpDEeX3WYGs.2.mp4,77.027504, 50.908477,62.094170
downloaded_clips_nominusone\gpDEeX3WYGs.20.mp4,69.691120, 51.517896,58.939522
downloaded_clips_nominusone\gpDEeX3WYGs.21.mp4,78.251955, 52.612172,63.707348
downloaded_clips_nominusone\gpDEeX3WYGs.3.mp4,72.565380, 51.594103,60.297867
downloaded_clips_nominusone\gpDEeX3WYGs.4.mp4,74.795919, 51.002375,61.022725
downloaded_clips_nominusone\gpDEeX3WYGs.5.mp4,74.464778, 51.102903,60.919009
downloaded_clips_nominusone\gpDEeX3WYGs.6.mp4,73.749779, 50.765244,60.375694
downloaded_clips_nominusone\gpDEeX3WYGs.7.mp4,75.953368, 50.776911,61.468746
downloaded_clips_nominusone\gpDEeX3WYGs.8.mp4,77.644197, 51.110322,62.531877
downloaded_clips_nominusone\gpDEeX3WYGs.9.mp4,76.103278, 51.228717,61.805470
downloaded_clips_nominusone\gpDeSiQ2dtg.0.mp4,75.771101, 51.827509,61.983570
downloaded_clips_nominusone\gpDeSiQ2dtg.11.mp4,72.517675, 51.785006,60.387207
downloaded_clips_nominusone\gpDeSiQ2dtg.12.mp4,73.744348, 51.026087,60.525393
downloaded_clips_nominusone\gpDeSiQ2dtg.13.mp4,77.579431, 52.485344,63.282419
downloaded_clips_nominusone\gpDeSiQ2dtg.14.mp4,72.842928, 51.374006,60.299548
downloaded_clips_nominusone\gpDeSiQ2dtg.15.mp4,72.807125, 51.094788,60.119233
downloaded_clips_nominusone\gpDeSiQ2dtg.16.mp4,73.863523, 53.372750,61.945244
downloaded_clips_nominusone\gpDeSiQ2dtg.5.mp4,68.899297, 50.768070,58.143052
downloaded_clips_nominusone\gpDeSiQ2dtg.6.mp4,62.639817, 48.058056,53.840054
downloaded_clips_nominusone\gpDeSiQ2dtg.8.mp4,73.144113, 53.280865,61.552085
downloaded_clips_nominusone\gpDeSiQ2dtg.9.mp4,74.530452, 50.537985,60.622199
downloaded_clips_nominusone\gpEbVJSoQDM.0.mp4,75.030675, 51.268303,61.292652
downloaded_clips_nominusone\gpEbVJSoQDM.29.mp4,76.552180, 50.321314,61.510398
downloaded_clips_nominusone\gpEbVJSoQDM.9.mp4,77.265067, 51.205764,62.388207
downloaded_clips_nominusone\gpEz7bgZwHI.0.mp4,68.785123, 48.975140,57.023099
downloaded_clips_nominusone\gpEz7bgZwHI.15.mp4,76.174164, 50.130470,61.206457
downloaded_clips_nominusone\gpEz7bgZwHI.31.mp4,75.561660, 50.093260,60.874880
downloaded_clips_nominusone\gpEz7bgZwHI.7.mp4,77.834985, 50.281877,62.157755
downloaded_clips_nominusone\gpAkjSy_8iY.2.mp4,73.900610, 49.867968,59.923426
downloaded_clips_nominusone\gpAkjSy_8iY.3.mp4,66.698923, 50.817246,57.213603
downloaded_clips_nominusone\gpAkjSy_8iY.2.mp4,73.676499, 50.641101,60.267866
downloaded_clips_nominusone\gpAkjSy_8iY.2.mp4,74.367830, 50.345974,60.430605
gpAkjSy_8iY.2_0,77.036046, 51.514890,62.446657
gpAkjSy_8iY.2_1,74.752212, 50.430083,60.668257
gpAkjSy_8iY.2_2,67.453521, 48.330737,56.049144
gpAkjSy_8iY.2_3,73.798361, 47.446885,58.444443
gpAkjSy_8iY.2_4,71.090982, 51.211043,59.390672
gpAkjSy_8iY.2_5,65.278287, 49.531938,55.836366
gpAkjSy_8iY.2_6,66.267066, 49.290646,56.112876
gpAkjSy_8iY.2_7,70.283081, 49.283888,57.880935
gpAkjSy_8iY.3_0,66.202534, 47.644905,55.092192
gpAkjSy_8iY.3_1,74.487253, 51.355649,61.076868
gpAkjSy_8iY.3_2,68.823804, 49.988061,57.645334
gpAkjSy_8iY.3_3,58.902610, 48.200724,52.405213
gpAkjSy_8iY.3_4,70.940821, 50.649470,58.990698
gpAkjSy_8iY.3_5,68.269580, 47.922564,56.162388
gpAkjSy_8iY.4_0,66.051334, 50.569789,56.788412
gpAkjSy_8iY.4_1,65.180330, 50.751425,56.527968
gpAkjSy_8iY.4_2,68.169808, 50.720014,57.793332
gpAkjSy_8iY.5_0,76.116192, 53.039807,62.852202
gpAkjSy_8iY.5_1,80.799321, 51.543976,64.510104
gpAkjSy_8iY.5_2,57.471954, 49.070194,52.363656
gpAkjSy_8iY.5_3,63.995192, 48.811650,54.861105
gpAkjSy_8iY.5_4,80.577653, 52.756206,65.060180
gpAkjSy_8iY.5_5,66.063695, 48.045375,55.274734
gpAkjSy_8iY.5_6,73.638484, 49.606025,59.642761
gpAkjSy_8iY.7_0,74.216697, 51.665522,61.125478
gpAkjSy_8iY.7_1,80.645459, 50.998672,64.115916
gpAkjSy_8iY.2_2,67.759092, 48.824045,56.479540
gpAkjSy_8iY.2_3,73.488611, 47.525216,58.339970
gpAkjSy_8iY.2_4,71.180408, 50.873722,59.232774
gpAkjSy_8iY.2_5,65.330945, 48.769071,55.398802
gpAkjSy_8iY.2_6,65.307321, 48.975234,55.513173
gpAkjSy_8iY.3_1,74.736003, 50.904034,60.936131
gpAkjSy_8iY.3_2,69.308161, 50.068024,57.908436
gpAkjSy_8iY.3_3,59.137584, 47.518860,52.083509
gpAkjSy_8iY.3_4,69.537413, 50.587691,58.319721
gpAkjSy_8iY.4_2,68.571314, 50.999069,58.135645
gpAkjSy_8iY.5_1,80.799321, 51.700200,64.597476
gpAkjSy_8iY.5_2,56.184714, 48.734086,51.648491
gpAkjSy_8iY.5_3,63.756222, 48.904501,54.817353
gpAkjSy_8iY.5_4,80.214844, 52.295733,64.598683
gpAkjSy_8iY.5_5,65.247965, 48.989527,55.496597
gpAkjSy_8iY.5_6,73.688625, 49.596666,59.661496
gpAkjSy_8iY.7_1,80.489903, 50.406105,63.692828
gpAkjSy_8iY.8_3,67.873506, 49.550530,56.965225
gpAkjSy_8iY.8_4,75.373434, 51.368912,61.520614
gpAkjSy_8iY.9_1,74.843532, 52.368851,61.837487
gpB2FGY5Fuk.0_1,60.819735, 48.801961,53.545694
gpB2FGY5Fuk.1_4,72.317934, 49.147886,58.742262
gpB2FGY5Fuk.2_4,73.114221, 50.166418,59.720411
gpB2FGY5Fuk.3_1,74.904352, 51.396343,61.304654
gpAkjSy_8iY.2_2,67.759092, 48.171472,56.087142
gpAkjSy_8iY.2_3,73.488611, 47.513772,58.333162
gpAkjSy_8iY.2_4,71.180408, 51.539468,59.624926
gpAkjSy_8iY.2_2,67.759092, 49.433447,56.845029
gpAkjSy_8iY.2_3,73.488611, 47.735117,58.464756
gpAkjSy_8iY.2_4,71.180408, 51.236621,59.446655
gpAkjSy_8iY.2_5,65.330945, 49.490194,55.833559
gpAkjSy_8iY.2_6,65.307321, 49.858914,56.045446
gpAkjSy_8iY.3_1,74.736003, 50.274548,60.569610
gpAkjSy_8iY.3_2,69.308161, 49.905755,57.811835
gpAkjSy_8iY.3_3,59.137584, 47.988175,52.369990
gpAkjSy_8iY.3_4,70.467155, 49.151904,57.886214
gpAkjSy_8iY.4_2,68.571314, 50.741885,57.982691
gpAkjSy_8iY.5_1,80.799321, 52.495933,65.041310
gpAkjSy_8iY.5_2,56.184714, 48.389911,51.438432
gpAkjSy_8iY.5_3,63.756222, 48.670204,54.675544
gpAkjSy_8iY.5_4,80.068099, 52.671226,64.726608
gpAkjSy_8iY.5_5,65.247965, 48.368526,55.121548
gpAkjSy_8iY.5_6,73.688625, 49.558613,59.639132
gpAkjSy_8iY.7_1,80.276719, 50.727387,63.752427
gpAkjSy_8iY.8_3,67.873506, 50.115477,57.303055
gpAkjSy_8iY.8_4,74.711901, 51.591507,61.323411
gpAkjSy_8iY.2_2,67.453521, 48.175751,55.955789
gpAkjSy_8iY.2_3,73.798361, 47.849375,58.683445
gpAkjSy_8iY.2_4,71.090982, 50.991822,59.261452
gpAkjSy_8iY.2_5,65.278287, 49.526569,55.833133
gpAkjSy_8iY.2_6,66.267066, 49.317652,56.129117
gpAkjSy_8iY.3_1,74.487253, 50.706681,60.699359
gpAkjSy_8iY.3_2,65.402896, 50.149605,56.260687
gpAkjSy_8iY.4_2,68.169808, 50.871654,57.883641
gpAkjSy_8iY.5_1,80.799321, 52.125172,64.834756
gpAkjSy_8iY.5_2,57.471954, 48.695440,52.135255
gpAkjSy_8iY.5_3,63.995192, 48.640550,54.757565
gpAkjSy_8iY.5_4,80.449054, 52.182962,64.667635
gpAkjSy_8iY.5_5,66.063695, 47.866026,55.166271
gpAkjSy_8iY.5_6,73.638484, 49.382399,59.511254
gpAkjSy_8iY.7_1,80.676060, 50.242088,63.707405
gpAkjSy_8iY.8_3,68.012349, 49.766708,57.155406
gpAkjSy_8iY.8_4,75.124631, 51.424953,61.429784
gpAkjSy_8iY.9_1,74.276992, 51.966992,61.329614
gpB2FGY5Fuk.0_1,60.547660, 48.758127,53.408517
gpB2FGY5Fuk.1_4,72.237868, 49.200340,58.735578
gpB2FGY5Fuk.2_4,73.807196, 50.126724,60.029840
gpB2FGY5Fuk.3_1,74.982955, 51.391634,61.340604
gpAkjSy_8iY.2_2,67.453521, 48.487949,56.143775
gpAkjSy_8iY.2_3,73.798361, 47.768774,58.635630
gpAkjSy_8iY.2_4,71.090982, 51.302416,59.444501
gpAkjSy_8iY.2_5,65.278287, 49.018375,55.526869
gpAkjSy_8iY.2_6,66.267066, 49.935375,56.500184
gpAkjSy_8iY.3_1,74.487253, 50.377413,60.507390
gpAkjSy_8iY.3_2,65.402896, 50.412919,56.418835
gpAkjSy_8iY.4_2,68.169808, 50.952337,57.931674
gpAkjSy_8iY.5_1,80.799321, 52.347908,64.958894
gpAkjSy_8iY.5_2,57.471954, 48.320343,51.906465
gpAkjSy_8iY.5_3,63.995192, 48.997812,54.973694
gpAkjSy_8iY.5_4,79.461961, 52.367380,64.221110
gpAkjSy_8iY.5_5,66.063695, 48.957104,55.824901
gpAkjSy_8iY.5_6,73.638484, 49.704185,59.700439
gpAkjSy_8iY.7_1,80.526306, 50.768419,63.918025
gpAkjSy_8iY.8_3,68.012349, 50.215191,57.423343
gpAkjSy_8iY.8_4,75.466377, 51.293293,61.523114
gpAkjSy_8iY.2_2,67.453521, 48.758727,56.306619
gpAkjSy_8iY.2_3,73.798361, 48.053279,58.804305
gpAkjSy_8iY.2_4,71.090982, 51.114438,59.333741
gpAkjSy_8iY.2_5,65.278287, 49.687770,55.930175
gpAkjSy_8iY.2_6,66.267066, 49.777936,56.405684
gpAkjSy_8iY.3_1,74.487253, 49.854123,60.201669
gpAkjSy_8iY.3_2,65.402896, 49.823753,56.064809
gpAkjSy_8iY.4_2,68.169808, 50.720437,57.793584
gpAkjSy_8iY.5_1,80.799321, 51.417339,64.439221
gpAkjSy_8iY.5_2,57.471954, 48.478529,52.002973
gpAkjSy_8iY.5_3,63.995192, 49.034327,54.995769
gpAkjSy_8iY.5_4,80.463245, 52.354304,64.771383
gpAkjSy_8iY.5_5,66.063695, 47.305209,54.826573
gpAkjSy_8iY.5_6,73.638484, 49.651965,59.669758
gpAkjSy_8iY.7_1,80.602242, 51.220173,64.215546
gpAkjSy_8iY.8_3,68.012349, 50.009888,57.300742
gpAkjSy_8iY.8_4,75.134436, 51.335171,61.382638
gpAkjSy_8iY.9_1,73.914790, 51.854340,61.089647
gpBBohls8kw.2_3,62.706899, 50.498703,55.345431
gpBNYu0siRk.12_2,71.852785, 51.258073,59.768907
gpBNYu0siRk.13_2,73.163018, 51.483882,60.515098
gpBNYu0siRk.22_3,77.173937, 51.114641,62.288559
gpBuYw_jCGs.0_1,78.670773, 51.855420,63.502282
gpBuYw_jCGs.0_2,61.096212, 48.062906,53.208819
gpBuYw_jCGs.1_5,65.454935, 47.309474,54.568147
gpBuYw_jCGs.1_6,78.278583, 51.559645,63.124235
gpBuYw_jCGs.2_2,79.073391, 51.442883,63.486747
gpCmv2FAjow.1_1,72.051277, 50.001407,59.121445
gpCmv2FAjow.1_2,80.668032, 52.011104,64.696050
gpDB5250zfg.1_1,78.426430, 52.076379,63.496570
gpDB5250zfg.2_2,81.212791, 51.094894,64.498598
gpDB5250zfg.2_3,82.341275, 53.734514,66.623309
gpDB5250zfg.3_2,76.205397, 50.278463,61.308134
gpDB5250zfg.3_3,80.960314, 51.702391,64.691401
gpDB5250zfg.3_4,78.369840, 52.126883,63.495027
gpDB5250zfg.3_5,74.052353, 50.232439,60.210542
gpDB5250zfg.3_6,80.301696, 52.023344,64.495077
gpDB5250zfg.4_2,81.891575, 53.620602,66.295024
gpDEeX3WYGs.0_3,73.968527, 49.935988,59.996262
gpDEeX3WYGs.10_1,72.208592, 50.100316,59.253428
gpDEeX3WYGs.10_2,79.227838, 51.281856,63.480065
gpDEeX3WYGs.11_2,81.050916, 51.448212,64.601854
gpDEeX3WYGs.11_4,76.421139, 50.549618,61.575152
gpDEeX3WYGs.12_2,75.145979, 51.151206,61.281758
gpDEeX3WYGs.13_2,75.746001, 50.992358,61.488912
gpDEeX3WYGs.14_3,80.302089, 51.404919,64.148374
gpDEeX3WYGs.14_4,77.358439, 50.243769,61.884266
gpDEeX3WYGs.16_2,78.268721, 52.560506,63.686978
gpDEeX3WYGs.16_4,78.459296, 53.408029,64.266514
gpDEeX3WYGs.16_5,70.636998, 51.812226,59.538321
gpDEeX3WYGs.16_6,77.612276, 50.374200,62.092880
gpDEeX3WYGs.16_7,74.683864, 52.453891,61.808791
gpDEeX3WYGs.17_2,73.989514, 50.490582,60.330986
gpDEeX3WYGs.17_3,77.187279, 53.001709,63.373361
gpDEeX3WYGs.17_5,77.870015, 53.551163,64.037914
gpDEeX3WYGs.18_2,80.675381, 52.667974,65.066475
gpAkjSy_8iY.2_2,67.453521, 49.001736,56.452611
gpAkjSy_8iY.2_3,73.798361, 47.990271,58.766974
gpAkjSy_8iY.2_4,71.090982, 51.325625,59.458172
gpAkjSy_8iY.2_5,65.278287, 49.798761,55.996962
gpAkjSy_8iY.2_6,66.267066, 48.956590,55.911855
gpAkjSy_8iY.3_1,74.487253, 51.103577,60.930366
gpAkjSy_8iY.3_2,65.402896, 50.026906,56.186952
gpAkjSy_8iY.2_2,67.453521, 48.209096,55.975879
gpAkjSy_8iY.2_3,73.798361, 47.997057,58.770995
gpAkjSy_8iY.2_4,71.090982, 51.276594,59.429291
gpAkjSy_8iY.2_5,65.278287, 49.567339,55.857681
gpAkjSy_8iY.2_6,66.267066, 49.383850,56.168920
gpAkjSy_8iY.3_1,74.487253, 50.621650,60.649813
gpAkjSy_8iY.3_2,65.402896, 50.122085,56.244151
gpAkjSy_8iY.2_2,67.453521, 48.775651,56.316791
gpAkjSy_8iY.2_3,73.798361, 48.176267,58.877133
gpAkjSy_8iY.2_4,71.090982, 51.254085,59.416031
gpAkjSy_8iY.2_5,65.278287, 49.666037,55.917095
gpAkjSy_8iY.2_6,66.267066, 48.648010,55.725941
gpAkjSy_8iY.3_1,74.487253, 50.858279,60.787644
gpAkjSy_8iY.3_2,65.402896, 50.394274,56.407641
gpAkjSy_8iY.4_2,68.169808, 51.075290,58.004848
gpAkjSy_8iY.5_1,80.799321, 52.560981,65.077506
gpAkjSy_8iY.5_2,57.471954, 48.292960,51.889756
gpAkjSy_8iY.5_3,63.995192, 49.010872,54.981590
gpAkjSy_8iY.5_4,80.248086, 51.798722,64.338949
gpAkjSy_8iY.5_5,66.063695, 47.388773,54.877242
gpAkjSy_8iY.5_6,73.638484, 49.319202,59.474063
gpAkjSy_8iY.7_1,80.379577, 50.628180,63.755045
gpAkjSy_8iY.8_3,68.012349, 49.592698,57.051330
gpAkjSy_8iY.8_4,75.491645, 50.668057,61.173601
gpAkjSy_8iY.9_1,74.972929, 51.702236,61.515531
gpBBohls8kw.2_3,63.100654, 50.370627,55.430601
gpBNYu0siRk.12_2,71.852785, 51.183992,59.725380
gpBNYu0siRk.22_3,77.173937, 51.152679,62.310384
gpBuYw_jCGs.0_1,78.670773, 51.515115,63.309272
gpBuYw_jCGs.0_2,61.096212, 48.399957,53.413910
gpBuYw_jCGs.1_5,65.454935, 47.341534,54.587608
gpBuYw_jCGs.1_6,78.278583, 51.638873,63.169299
gpBuYw_jCGs.2_2,79.073391, 51.752621,63.662055
gpCmv2FAjow.1_1,71.740930, 49.947394,58.944832
gpCmv2FAjow.1_2,80.486966, 51.984156,64.577955
gpDB5250zfg.1_1,78.425809, 51.863705,63.375609
gpDB5250zfg.2_2,81.212791, 50.873277,64.374552
gpDB5250zfg.2_3,82.341275, 53.828710,66.674726
gpDB5250zfg.3_2,76.205397, 50.389726,61.372557
gpDB5250zfg.3_3,80.960314, 51.764544,64.726098
gpDB5250zfg.3_4,78.369840, 51.813811,63.317390
gpDB5250zfg.3_5,74.052353, 49.478401,59.768641
gpDB5250zfg.3_6,80.301696, 52.270660,64.633486
gpDB5250zfg.4_2,81.891575, 53.943657,66.472058
gpDEeX3WYGs.10_1,72.208592, 50.156491,59.286539
gpDEeX3WYGs.10_2,79.227838, 51.310006,63.496008
gpDEeX3WYGs.11_2,81.050916, 51.507555,64.635010
gpDEeX3WYGs.11_4,76.421139, 50.313993,61.438933
gpDEeX3WYGs.12_2,75.145979, 51.721355,61.611810
gpDEeX3WYGs.13_2,75.746001, 51.076948,61.537829
gpDEeX3WYGs.14_3,80.302089, 52.258934,64.627149
gpDEeX3WYGs.14_4,77.358439, 50.137505,61.823047
gpDEeX3WYGs.16_2,78.268721, 51.941903,63.336243
gpDEeX3WYGs.16_4,78.459296, 52.804354,63.926002
gpDEeX3WYGs.16_5,70.636998, 51.254497,59.209538
gpDEeX3WYGs.16_6,77.612276, 50.176006,61.978909
gpDEeX3WYGs.16_7,74.683864, 52.723277,61.964348
gpDEeX3WYGs.17_2,73.989514, 50.332317,60.238463
gpDEeX3WYGs.17_3,77.187279, 53.317824,63.553045
gpDEeX3WYGs.17_5,77.870015, 53.044364,63.751205
gpDEeX3WYGs.18_2,80.675381, 52.918629,65.205889
gpDEeX3WYGs.19_1,76.587085, 50.437191,61.595296
gpDEeX3WYGs.19_3,73.098716, 50.643942,59.993202
gpDEeX3WYGs.1_7,78.309297, 49.523994,61.976224
gpDEeX3WYGs.20_2,80.465680, 52.615400,64.918443
gpDEeX3WYGs.20_4,77.412907, 53.467990,63.754167
gpAkjSy_8iY.2_2,67.453521, 48.698282,56.270284
gpAkjSy_8iY.2_3,73.798361, 48.225981,58.906557
gpAkjSy_8iY.2_4,71.090982, 51.327131,59.459059
gpAkjSy_8iY.2_5,65.278287, 48.926806,55.471628
gpAkjSy_8iY.2_6,66.267066, 48.706229,55.761034
gpAkjSy_8iY.3_1,74.487253, 50.498771,60.578179
gpAkjSy_8iY.3_2,65.402896, 50.184576,56.281698
gpAkjSy_8iY.4_2,68.169808, 51.496265,58.255184
gpAkjSy_8iY.5_1,80.799321, 52.971057,65.305407
gpAkjSy_8iY.5_2,57.471954, 48.599390,52.076687
gpAkjSy_8iY.2_2,67.453521, 48.377831,56.077498
gpAkjSy_8iY.2_3,73.798361, 48.047003,58.800587
gpAkjSy_8iY.2_4,71.090982, 51.355530,59.475784
gpAkjSy_8iY.2_5,65.278287, 49.556491,55.851150
gpAkjSy_8iY.2_6,66.267066, 48.924956,55.892806
gpAkjSy_8iY.3_1,74.487253, 50.759487,60.730118
gpAkjSy_8iY.3_2,65.402896, 49.883099,56.100498
gpAkjSy_8iY.4_2,68.169808, 51.112150,58.026780
gpAkjSy_8iY.5_1,80.799321, 53.013029,65.328706
gpAkjSy_8iY.5_2,57.471954, 48.536631,52.038412
gpAkjSy_8iY.5_3,63.995192, 49.028562,54.992284
gpAkjSy_8iY.5_4,80.365658, 51.723355,64.363127
gpAkjSy_8iY.5_5,66.063695, 48.414324,55.497607
gpAkjSy_8iY.5_6,73.638484, 49.632268,59.658184
gpAkjSy_8iY.7_1,80.648882, 50.728066,63.965686
gpAkjSy_8iY.8_3,68.012349, 50.087544,57.347127
gpAkjSy_8iY.8_4,75.441594, 50.905664,61.286352
gpAkjSy_8iY.2_2,67.453521, 48.708595,56.276484
gpAkjSy_8iY.2_3,73.798361, 48.208585,58.896262
gpAkjSy_8iY.2_4,71.090982, 51.228014,59.400671
gpAkjSy_8iY.2_5,65.278287, 49.159955,55.612245
gpAkjSy_8iY.2_6,66.267066, 49.152322,56.029668
gpAkjSy_8iY.3_1,74.487253, 50.095752,60.342934
gpAkjSy_8iY.3_2,65.402896, 50.234128,56.311465
gpAkjSy_8iY.4_2,68.169808, 50.850455,57.871019
gpAkjSy_8iY.5_1,80.799321, 51.955444,64.740058
gpAkjSy_8iY.5_2,57.471954, 48.453959,51.987986
gpAkjSy_8iY.5_3,63.995192, 48.937899,54.937466
gpAkjSy_8iY.5_4,80.713090, 52.039336,64.737542
gpAkjSy_8iY.5_5,66.063695, 48.289199,55.422059
gpAkjSy_8iY.5_6,73.638484, 49.762289,59.734567
gpAkjSy_8iY.7_1,80.456395, 50.514537,63.734834
gpAkjSy_8iY.8_3,68.012349, 50.163040,57.392208
gpAkjSy_8iY.8_4,75.272381, 51.296846,61.428748
gpAkjSy_8iY.9_1,74.311177, 51.762518,61.227536
gpBNYu0siRk.12_2,71.852785, 51.538433,59.933524
gpBNYu0siRk.22_3,77.173937, 51.542195,62.533632
gpBuYw_jCGs.0_1,78.670773, 51.774697,63.456529
gpBuYw_jCGs.0_2,61.096212, 47.349294,52.773869
gpBuYw_jCGs.1_5,65.454935, 47.016828,54.390377
gpBuYw_jCGs.1_6,78.278583, 51.686809,63.196555
gpBuYw_jCGs.2_2,79.073391, 51.566569,63.556787
gpCmv2FAjow.1_1,71.942159, 49.799526,58.951247
gpCmv2FAjow.1_2,81.359381, 51.717338,64.931636
gpDB5250zfg.1_1,78.419690, 51.837666,63.357560
gpDB5250zfg.2_2,81.212791, 51.386796,64.661724
gpDB5250zfg.2_3,82.341275, 53.753550,66.633702
gpDB5250zfg.3_2,76.205397, 50.223084,61.276054
gpDB5250zfg.3_3,80.960314, 51.985302,64.849235
gpDB5250zfg.3_4,78.369840, 51.644006,63.220926
gpDB5250zfg.3_5,74.052353, 49.263728,59.642522
gpDB5250zfg.3_6,80.301696, 52.447098,64.732116
gpDB5250zfg.4_2,81.891575, 53.888166,66.441669
gpDEeX3WYGs.0_3,73.761163, 50.526167,60.241425
gpDEeX3WYGs.10_1,72.208592, 50.160913,59.289144
gpDEeX3WYGs.10_2,79.227838, 50.952137,63.293137
gpDEeX3WYGs.11_2,81.050916, 51.097127,64.405456
gpDEeX3WYGs.11_4,76.421139, 50.221003,61.385128
gpDEeX3WYGs.12_2,75.145979, 51.665962,61.579781
gpDEeX3WYGs.13_2,75.746001, 51.696396,61.895455
gpDEeX3WYGs.14_3,80.302089, 51.581074,64.247317
gpDEeX3WYGs.14_4,77.358439, 50.214330,61.867310
gpDEeX3WYGs.16_2,78.268721, 52.298748,63.538693
gpDEeX3WYGs.16_4,78.459296, 53.091584,64.088132
gpDEeX3WYGs.16_5,70.636998, 51.431287,59.313823
gpDEeX3WYGs.16_6,77.612276, 50.495350,62.162484
gpDEeX3WYGs.16_7,74.683864, 52.862793,62.044851
gpDEeX3WYGs.17_2,73.989514, 50.622166,60.407860
gpDEeX3WYGs.17_3,77.187279, 53.494500,63.653371
gpDEeX3WYGs.17_5,77.870015, 53.351299,63.924918
gpDEeX3WYGs.18_2,80.675381, 53.036010,65.271114
gpDEeX3WYGs.19_1,76.587085, 50.482154,61.621264
gpDEeX3WYGs.19_3,73.098716, 51.092148,60.255649
gpDEeX3WYGs.1_7,78.309297, 48.618496,61.453661
gpDEeX3WYGs.20_2,80.465680, 52.559882,64.887483
gpDEeX3WYGs.20_4,77.412907, 52.915025,63.440318
gpDEeX3WYGs.20_5,74.463832, 50.971126,60.841886
gpDEeX3WYGs.21_3,71.456855, 49.955359,58.817766
gpDEeX3WYGs.21_4,79.398838, 52.538041,64.282475
gpDEeX3WYGs.2_3,70.736856, 50.195754,58.629145
gpDEeX3WYGs.3_11,72.629484, 50.979397,59.967916
gpDEeX3WYGs.3_2,78.921460, 51.627591,63.508684
gpDEeX3WYGs.3_3,75.133964, 50.900966,61.130672
gpDEeX3WYGs.3_4,78.563946, 51.787948,63.406614
gpDEeX3WYGs.4_3,78.727277, 50.810127,62.938942
gpDEeX3WYGs.4_4,75.025508, 49.645981,60.346067
gpDEeX3WYGs.4_5,80.192648, 50.887527,63.795066
gpDEeX3WYGs.4_6,78.299798, 51.503094,63.103382
gpDEeX3WYGs.4_8,75.999533, 50.969962,61.603669
gpDEeX3WYGs.6_2,69.947721, 50.081585,58.203425
gpDEeX3WYGs.6_3,70.703168, 49.772834,58.363059
gpDEeX3WYGs.6_5,74.823349, 51.102357,61.094278
gpDEeX3WYGs.7_2,78.836285, 51.923449,63.630058
gpDEeX3WYGs.7_3,72.576360, 49.810501,59.255677
gpDEeX3WYGs.8_1,77.416842, 51.292812,62.517199
gpDEeX3WYGs.8_2,74.150605, 50.324153,60.311933
gpDEeX3WYGs.9_1,79.898399, 51.482513,63.964845
gpDEeX3WYGs.9_2,68.298728, 50.282672,57.589228
gpDEeX3WYGs.9_3,72.185642, 50.175459,59.286965
gpDEeX3WYGs.9_5,76.842067, 51.681878,62.442481
gpDEeX3WYGs.9_6,69.663609, 50.004621,58.029853
gpDeSiQ2dtg.0_1,69.311858, 49.328684,57.469447
gpDeSiQ2dtg.0_2,76.314149, 51.844140,62.266408
gpDeSiQ2dtg.11_2,69.911893, 53.415176,60.156470
gpDeSiQ2dtg.12_1,79.845638, 50.960626,63.640856
gpDeSiQ2dtg.12_2,70.355433, 50.558354,58.670421
gpDeSiQ2dtg.13_1,73.114453, 53.223918,61.505113
gpDeSiQ2dtg.13_2,73.704300, 49.758837,59.764332
gpDeSiQ2dtg.14_2,72.629477, 53.274984,61.308272
gpDeSiQ2dtg.14_3,66.379350, 49.718483,56.418148
gpDeSiQ2dtg.15_3,56.374526, 49.187519,52.000054
gpDeSiQ2dtg.6_2,53.448066, 46.055691,48.933045
gpDeSiQ2dtg.6_5,56.089816, 45.406322,49.572530
gpDeSiQ2dtg.6_6,72.820207, 54.056349,61.850710
gpDeSiQ2dtg.6_8,72.352348, 54.019271,61.612779
gpDeSiQ2dtg.9_1,80.124443, 52.051198,64.410999
gpEz7bgZwHI.15_1,73.849131, 49.625904,59.756415
gpEz7bgZwHI.7_1,73.120359, 50.416487,59.870126
gpFGexIP-Tg.10_1,85.614678, 53.300664,68.473444
gpFGexIP-Tg.10_2,71.179610, 50.417832,58.963300
gpFGexIP-Tg.10_3,72.343827, 50.629504,59.628338
gpFGexIP-Tg.10_4,82.704015, 52.481132,66.156423
gpFGexIP-Tg.12_1,72.724548, 50.310301,59.619939
gpFGexIP-Tg.13_2,67.695105, 50.072656,57.199568
gpFGexIP-Tg.14_2,77.200581, 51.506647,62.527090
gpFGexIP-Tg.14_3,69.854034, 47.572427,56.662265
gpFGexIP-Tg.15_3,75.235301, 50.989280,61.232159
gpFGexIP-Tg.16_1,65.190518, 48.682475,55.286872
gpFGexIP-Tg.17_2,72.961807, 51.292111,60.307771
gpFGexIP-Tg.20_1,74.949961, 50.871107,61.022341
gpFRS5q6FiI.19_1,69.001847, 50.077267,57.777512
gpFRS5q6FiI.1_1,73.411235, 51.506108,60.646033
gpFRS5q6FiI.4_1,61.210594, 49.445680,54.095559
gpFRS5q6FiI.7_2,67.345805, 49.495618,56.702006
gpFRS5q6FiI.9_2,63.663579, 49.193838,54.953687
gpFet_Neuz8.2_1,78.917261, 50.803979,63.038815
gpFet_Neuz8.4_1,68.888439, 50.623607,58.052362
gpFet_Neuz8.4_10,80.533311, 53.033330,65.189326
gpFet_Neuz8.4_2,77.204087, 51.602441,62.583747
gpFet_Neuz8.5_10,69.979458, 49.617289,57.941729
gpFet_Neuz8.5_4,77.465881, 50.455110,62.062293
gpGL_YTxYv4.0_3,69.407808, 50.099969,57.971960
gpGL_YTxYv4.0_4,57.954772, 47.344251,51.502683
gpGL_YTxYv4.0_5,73.988496, 50.562043,60.372248
gpGL_YTxYv4.11_1,67.620909, 47.935129,55.884074
gpGL_YTxYv4.13_2,60.427739, 47.134426,52.370292
gpGL_YTxYv4.13_3,70.885702, 51.120465,59.243561
gpGL_YTxYv4.14_2,73.729138, 50.033205,59.937308
gpGL_YTxYv4.14_3,69.426182, 48.398968,56.964787
gpGL_YTxYv4.15_2,73.956311, 52.724824,61.614571
gpGL_YTxYv4.15_3,69.745825, 48.841299,57.373518
gpGL_YTxYv4.16_2,69.097568, 50.794080,58.246362
gpGL_YTxYv4.16_3,68.482406, 50.325644,57.695670
gpGL_YTxYv4.1_1,66.749776, 49.270623,56.308659
gpGL_YTxYv4.2_2,63.928457, 48.777393,54.812443
gpGL_YTxYv4.3_2,70.206919, 50.283196,58.440143
gpGL_YTxYv4.4_1,71.349366, 50.898999,59.325271
gpGL_YTxYv4.4_2,71.176973, 50.454484,58.983743
gpGL_YTxYv4.5_2,70.848224, 50.437553,58.823113
gpGL_YTxYv4.5_3,69.036930, 50.279319,57.913397
gpGL_YTxYv4.5_4,68.078725, 49.615078,57.093857
gpGL_YTxYv4.5_5,75.466532, 50.751889,61.209664
gpGL_YTxYv4.5_6,70.504270, 49.173842,57.916217
gpGL_YTxYv4.6_2,69.435746, 49.186785,57.440270
gpGL_YTxYv4.6_3,79.283147, 50.678484,63.168225
gpGL_YTxYv4.7_2,72.220460, 50.031194,59.218240
gpGL_YTxYv4.7_3,70.934211, 49.898021,58.543070
gpGL_YTxYv4.8_5,79.143969, 49.671456,62.517178
gpGL_YTxYv4.9_1,72.426213, 50.031202,59.314924
gpGL_YTxYv4.9_2,65.697613, 49.878300,56.222799
gpGkEeBRTwc.2_2,70.430320, 51.701761,59.379835
gpH0BRXBOKQ.25_1,80.025157, 52.320066,64.506138
gpH0BRXBOKQ.31_2,75.287562, 52.493041,62.126906
gpH0BRXBOKQ.31_3,76.916130, 52.039108,62.685072
gpH0BRXBOKQ.5_1,76.510705, 52.956687,63.003056
gpH0BRXBOKQ.9_1,80.711852, 52.532019,65.011530
gpHTyYrSxuQ.160_1,77.023177, 50.938016,62.108908
gpHTyYrSxuQ.429_1,79.868415, 51.802491,64.128201
gpHTyYrSxuQ.79_1,77.174699, 51.181445,62.327282
gpIevrbaBho.0_1,80.389374, 52.829290,64.994685
gpIevrbaBho.110_1,77.331218, 51.239185,62.441814
gpIevrbaBho.18_1,80.890183, 52.204376,64.930987
gpIevrbaBho.28_2,78.711141, 52.110513,63.668440
gpIevrbaBho.62_1,82.458369, 53.046320,66.317191
gpIevrbaBho.78_1,82.025755, 52.371100,65.687195
gpJSFFktHbs.10_5,66.429186, 48.848700,55.916622
gpJSFFktHbs.13_2,71.902553, 50.886950,59.573831
gpJSFFktHbs.16_6,67.501568, 49.111123,56.539241
gpJSFFktHbs.17_3,70.173591, 50.304342,58.437610
gpJSFFktHbs.2_1,66.632535, 50.830599,57.193093
gpJSFFktHbs.9_2,70.667167, 50.457333,58.752218
gpJSFFktHbs.9_3,67.872785, 47.508386,55.737331
gpJhTMFMSTg.10_1,78.672268, 53.030285,64.166920
gpJhTMFMSTg.12_2,78.727669, 52.179952,63.716608
gpJhTMFMSTg.14_1,80.396613, 51.646587,64.337622
gpJhTMFMSTg.17_1,79.168868, 51.455302,63.545959
gpJhTMFMSTg.1_2,81.333041, 52.414498,65.303583
gpJhTMFMSTg.1_3,80.644708, 52.159874,64.765824
gpJhTMFMSTg.3_3,81.411291, 52.497917,65.395357
gpJhTMFMSTg.3_4,81.514641, 53.738176,66.139832
gpJhTMFMSTg.4_1,81.762708, 52.907355,65.827210
gpJhTMFMSTg.4_2,82.040876, 53.085451,66.089364
gpJhTMFMSTg.4_3,79.088037, 52.431908,64.053477
gpJhTMFMSTg.5_1,79.949462, 51.787895,64.165227
gpJhTMFMSTg.5_2,80.491777, 53.222460,65.271080
gpJhTMFMSTg.5_3,79.316859, 52.652324,64.301946
gpJhTMFMSTg.6_1,78.847829, 52.152015,63.765553
gpJhTMFMSTg.6_2,79.718276, 51.428000,63.833658
gpJhTMFMSTg.6_3,77.532352, 53.168989,63.646268
gpJhTMFMSTg.8_2,78.427938, 53.065550,64.056812
gpJhTMFMSTg.9_1,75.616716, 52.177851,62.108344
gpJhTMFMSTg.9_2,77.865265, 52.851981,63.639723
gpJwaVbhXX8.10_1,79.505839, 52.878882,64.532349
gpJwaVbhXX8.49_1,79.486854, 51.568689,63.784821
gpKUptHp8zg.1_16,50.604914, 46.522912,48.110740
gpKUptHp8zg.2_6,51.115772, 47.067498,48.643054
gpKUptHp8zg.2_7,62.272960, 47.830937,53.550390
gpAkjSy_8iY.2_2,67.453521, 48.720171,56.283443
gpAkjSy_8iY.2_3,73.798361, 47.833086,58.673784
gpAkjSy_8iY.2_4,71.090982, 50.808820,59.153501
gpAkjSy_8iY.2_5,65.278287, 49.467981,55.797851
gpAkjSy_8iY.2_6,66.267066, 48.444535,55.603230
gpAkjSy_8iY.3_1,74.487253, 50.758520,60.729555
gpAkjSy_8iY.3_2,65.402896, 50.341657,56.376046
gpAkjSy_8iY.4_2,68.169808, 50.723219,57.795241
gpAkjSy_8iY.5_1,80.799321, 51.553924,64.515670
gpAkjSy_8iY.5_2,57.471954, 48.227435,51.849767
gpAkjSy_8iY.5_3,63.995192, 48.523954,54.686973
gpAkjSy_8iY.5_4,80.086586, 52.370049,64.568435
gpAkjSy_8iY.2_2,67.453521, 48.172435,55.953792
gpAkjSy_8iY.2_3,73.798361, 47.428171,58.433316
gpAkjSy_8iY.2_4,71.090982, 50.908183,59.212123
gpAkjSy_8iY.2_5,65.278287, 49.200457,55.636661
gpAkjSy_8iY.2_6,66.267066, 49.402676,56.180238
gpAkjSy_8iY.3_1,74.487253, 50.336660,60.483609
gpAkjSy_8iY.3_2,65.402896, 50.409280,56.416651
gpAkjSy_8iY.4_2,68.169808, 51.207882,58.083729
gpAkjSy_8iY.5_1,80.799321, 51.884632,64.700522
gpAkjSy_8iY.5_2,57.471954, 48.557770,52.051305
gpAkjSy_8iY.5_3,63.995192, 49.676215,55.383424
gpAkjSy_8iY.5_4,79.819656, 52.115020,64.276717
gpAkjSy_8iY.5_5,66.063695, 48.222063,55.381509
gpAkjSy_8iY.5_6,73.638484, 49.575658,59.624912
gpAkjSy_8iY.7_1,80.583113, 50.562577,63.834637
gpAkjSy_8iY.8_3,68.012349, 49.522852,57.009536
gpAkjSy_8iY.8_4,74.924268, 51.502143,61.375754
gpBBohls8kw.2_3,62.614958, 50.304562,55.190386
gpBNYu0siRk.12_2,71.852785, 51.268673,59.775133
gpBNYu0siRk.13_2,73.092774, 51.714914,60.616700
gpBNYu0siRk.22_3,77.173937, 51.768444,62.663109
gpBuYw_jCGs.0_1,78.670773, 52.127270,63.656224
gpBuYw_jCGs.0_2,61.096212, 47.892683,53.105159
gpBuYw_jCGs.1_5,65.454935, 47.259420,54.537758
gpBuYw_jCGs.1_6,78.278583, 51.252075,62.949119
gpBuYw_jCGs.2_2,79.073391, 50.960496,63.213130
gpCmv2FAjow.1_1,72.045053, 49.683158,58.930602
gpDB5250zfg.1_1,78.421967, 52.029900,63.467835
gpDB5250zfg.2_2,81.212791, 50.686308,64.269764
gpDB5250zfg.2_3,82.341275, 53.948331,66.739984
gpDB5250zfg.3_2,76.205397, 50.342178,61.345031
gpDB5250zfg.3_3,80.960314, 51.462428,64.557324
gpDB5250zfg.3_4,78.369840, 51.461066,63.116905
gpDB5250zfg.3_5,74.052353, 49.843119,59.982590
gpDB5250zfg.3_6,80.301696, 51.876564,64.412845
gpDB5250zfg.4_2,81.891575, 53.214703,66.072177
gpDEeX3WYGs.0_3,73.047645, 50.132070,59.668511
gpDEeX3WYGs.10_1,72.208592, 49.890152,59.129479
gpDEeX3WYGs.10_2,79.227838, 50.970853,63.303757
gpDEeX3WYGs.11_2,81.050916, 51.678906,64.730680
gpDEeX3WYGs.11_4,76.421139, 50.192523,61.368643
gpDEeX3WYGs.12_2,75.145979, 51.514004,61.491874
gpDEeX3WYGs.13_2,75.746001, 51.167552,61.590202
gpDEeX3WYGs.14_3,80.302089, 52.254844,64.624862
gpDEeX3WYGs.14_4,77.358439, 50.311610,61.923330
gpDEeX3WYGs.16_2,78.268721, 52.331604,63.557317
gpDEeX3WYGs.16_4,78.459296, 52.949457,64.007933
gpDEeX3WYGs.16_5,70.636998, 50.969795,59.041461
gpDEeX3WYGs.16_6,77.612276, 50.327541,62.066060
gpDEeX3WYGs.16_7,74.683864, 52.659196,61.927359
gpDEeX3WYGs.17_2,73.989514, 50.622748,60.408200
gpDEeX3WYGs.17_3,77.187279, 53.393976,63.596297
gpDEeX3WYGs.17_5,77.870015, 53.354541,63.926751
gpDEeX3WYGs.18_2,80.675381, 53.317842,65.427564
gpDEeX3WYGs.19_1,76.587085, 50.322160,61.528831
gpDEeX3WYGs.19_3,73.098716, 50.910629,60.149421
gpDEeX3WYGs.1_7,78.309297, 48.352912,61.299801
gpDEeX3WYGs.20_2,80.465680, 52.730091,64.982375
gpDEeX3WYGs.20_4,77.412907, 52.770491,63.358165
gpDEeX3WYGs.20_5,74.463832, 50.309652,60.456371
gpDEeX3WYGs.21_3,71.456855, 50.339448,59.044737
gpDEeX3WYGs.21_4,79.398838, 52.589040,64.311135
gpDEeX3WYGs.2_3,70.736856, 50.620049,58.880212
gpDEeX3WYGs.3_11,72.629484, 50.933406,59.940946
gpDEeX3WYGs.3_2,78.921460, 51.109047,63.214547
gpDEeX3WYGs.3_3,75.133964, 51.302525,61.363496
gpDEeX3WYGs.3_4,78.563946, 51.148298,63.043171
gpDEeX3WYGs.4_3,78.727277, 50.961370,63.025065
gpDEeX3WYGs.4_4,75.025508, 49.909313,60.499824
gpDEeX3WYGs.4_5,80.192648, 50.723893,63.702712
gpDEeX3WYGs.4_6,78.299798, 50.853878,62.733346
gpDEeX3WYGs.4_8,75.999533, 51.042149,61.645367
gpDEeX3WYGs.6_2,69.947721, 50.081621,58.203446
gpDEeX3WYGs.6_3,70.703168, 49.672955,58.303785
gpDEeX3WYGs.6_5,74.823349, 50.778927,60.906345
gpDEeX3WYGs.7_2,78.836285, 51.876264,63.603353
gpDEeX3WYGs.7_3,72.576360, 49.535121,59.093237
gpDEeX3WYGs.8_1,77.416842, 51.112464,62.413897
gpDEeX3WYGs.8_2,74.716393, 50.531662,60.709800
gpDEeX3WYGs.9_1,79.898399, 51.501447,63.975510
gpDEeX3WYGs.9_2,68.298728, 49.934316,57.381356
gpDEeX3WYGs.9_3,72.185642, 50.860147,59.689895
gpDEeX3WYGs.9_5,76.842067, 50.691934,61.873617
gpDEeX3WYGs.9_6,69.663609, 50.116625,58.096443
gpDeSiQ2dtg.0_1,70.488862, 49.677035,58.208393
gpDeSiQ2dtg.0_2,76.314149, 51.703299,62.185477
gpDeSiQ2dtg.11_2,70.119381, 52.783544,59.877365
gpDeSiQ2dtg.12_1,79.845638, 50.654445,63.467652
gpDeSiQ2dtg.12_2,72.372691, 50.788631,59.735375
gpDeSiQ2dtg.13_1,73.114453, 53.672229,61.765182
gpDeSiQ2dtg.13_2,73.704300, 49.263898,59.473373
gpDeSiQ2dtg.14_2,72.905448, 52.944753,61.244952
gpDeSiQ2dtg.14_3,66.379350, 50.354521,56.799607
gpDeSiQ2dtg.15_3,57.389422, 49.268678,52.451759
gpDeSiQ2dtg.6_2,53.448066, 46.397933,49.143068
gpDeSiQ2dtg.6_5,56.089816, 45.751164,49.784672
gpDeSiQ2dtg.6_6,72.820207, 54.016871,61.827814
gpDeSiQ2dtg.6_8,72.352348, 54.484664,61.883129
gpDeSiQ2dtg.9_1,80.124443, 52.634417,64.737467
gpEz7bgZwHI.15_1,73.849131, 49.893645,59.913525
gpEz7bgZwHI.7_1,73.120359, 50.151836,59.714774
gpFGexIP-Tg.10_1,85.614678, 53.307288,68.476951
gpFGexIP-Tg.10_2,71.179610, 50.411587,58.959611
gpFGexIP-Tg.10_3,72.343827, 50.878003,59.774345
gpFGexIP-Tg.10_4,81.328151, 52.490298,65.342765
gpFGexIP-Tg.12_1,72.724548, 50.181676,59.544309
gpFGexIP-Tg.13_2,67.695105, 49.938740,57.119502
gpFGexIP-Tg.14_2,77.738433, 51.812896,62.982665
gpFGexIP-Tg.14_3,69.854034, 47.619983,56.690842
gpFGexIP-Tg.15_3,74.199684, 51.189021,60.840189
gpFGexIP-Tg.16_1,66.256650, 49.180440,56.042114
gpFGexIP-Tg.17_2,73.218730, 50.929333,60.217426
gpFGexIP-Tg.20_1,74.710211, 51.204250,61.097909
gpFRS5q6FiI.19_1,69.001847, 50.237856,57.873136
gpFRS5q6FiI.1_1,73.411235, 51.288180,60.518869
gpFRS5q6FiI.4_1,61.396873, 49.365085,54.122656
gpFRS5q6FiI.7_2,67.364714, 50.075852,57.057701
gpFRS5q6FiI.9_2,63.930699, 48.887711,54.880124
gpFet_Neuz8.2_1,78.471528, 51.221357,63.035020
gpFet_Neuz8.4_1,68.888439, 50.958208,58.251224
gpFet_Neuz8.4_10,80.271965, 52.941656,64.991446
gpFet_Neuz8.4_2,77.204087, 51.119830,62.307206
gpFet_Neuz8.5_10,70.275700, 49.659939,58.101285
gpFet_Neuz8.5_4,77.465881, 50.731575,62.221119
gpGL_YTxYv4.0_3,69.407808, 50.377170,58.136777
gpGL_YTxYv4.0_4,57.954772, 47.123612,51.367703
gpGL_YTxYv4.0_5,73.988496, 50.242754,60.185578
gpGL_YTxYv4.11_1,67.620909, 48.247083,56.072043
gpGL_YTxYv4.13_2,60.427739, 46.878865,52.214066
gpGL_YTxYv4.13_3,70.885702, 50.753912,59.027209
gpGL_YTxYv4.14_2,73.729138, 50.533412,60.230227
gpGL_YTxYv4.14_3,69.426182, 49.109607,57.389891
gpGL_YTxYv4.15_2,73.956311, 52.985991,61.765766
gpGL_YTxYv4.15_3,69.745825, 48.556929,57.203511
gpGL_YTxYv4.16_2,69.097568, 50.804179,58.252360
gpGL_YTxYv4.16_3,68.482406, 50.850734,58.008326
gpGL_YTxYv4.1_1,66.749776, 49.253712,56.298499
gpGL_YTxYv4.2_2,63.928457, 49.026669,54.963220
gpGL_YTxYv4.3_2,70.206919, 50.070176,58.313764
gpGL_YTxYv4.4_1,71.349366, 50.912102,59.332993
gpGL_YTxYv4.4_2,71.176973, 50.399799,58.951434
gpGL_YTxYv4.5_2,70.848224, 50.588279,58.912231
gpGL_YTxYv4.5_3,69.036930, 49.948589,57.716450
gpGL_YTxYv4.5_4,68.078725, 49.631351,57.103590
gpGL_YTxYv4.5_5,75.466532, 51.475355,61.628447
gpGL_YTxYv4.5_6,70.504270, 49.317249,58.001554
gpGL_YTxYv4.6_2,69.435746, 49.222818,57.461781
gpGL_YTxYv4.6_3,79.283147, 50.886292,63.286223
gpGL_YTxYv4.7_2,72.220460, 50.122713,59.272193
gpGL_YTxYv4.7_3,70.934211, 49.684498,58.416482
gpGL_YTxYv4.8_5,79.143969, 49.431753,62.379922
gpGL_YTxYv4.9_1,72.426213, 50.885953,59.817615
gpGL_YTxYv4.9_2,65.697613, 49.926506,56.251766
gpGkEeBRTwc.2_2,72.130704, 51.118397,59.815972
gpH0BRXBOKQ.25_1,80.025157, 53.115615,64.950923
gpH0BRXBOKQ.30_1,81.042612, 52.454414,65.157711
gpH0BRXBOKQ.31_2,75.400523, 51.930089,61.858231
gpH0BRXBOKQ.31_3,76.916130, 51.756630,62.523371
gpH0BRXBOKQ.5_1,78.552842, 52.766333,63.954331
gpH0BRXBOKQ.9_1,80.736318, 52.903710,65.232182
gpHTyYrSxuQ.160_1,77.023177, 50.923133,62.100353
gpHTyYrSxuQ.79_1,77.174699, 51.482412,62.499791
gpIevrbaBho.0_1,80.292558, 53.157852,65.123414
gpIevrbaBho.10_1,72.588018, 50.072266,59.415396
gpIevrbaBho.110_1,74.985605, 50.652698,60.913019
gpIevrbaBho.18_1,80.890183, 52.398975,65.039330
gpIevrbaBho.28_2,78.710238, 52.246231,63.744717
gpIevrbaBho.62_1,82.422870, 53.346562,66.460122
gpIevrbaBho.78_1,81.988066, 51.882426,65.394762
gpJSFFktHbs.10_5,66.429186, 48.274608,55.570532
gpJSFFktHbs.13_2,71.902553, 51.768874,60.091712
gpJSFFktHbs.16_6,67.501568, 49.870579,56.994375
gpJSFFktHbs.17_3,70.173591, 50.213590,58.383781
gpJSFFktHbs.2_1,66.747929, 49.694638,56.562421
gpJSFFktHbs.9_2,70.667167, 50.422702,58.731723
gpJSFFktHbs.9_3,67.872785, 47.639922,55.816736
gpJhTMFMSTg.10_1,78.672268, 52.357202,63.787069
gpJhTMFMSTg.12_2,78.788741, 52.103768,63.706406
gpJhTMFMSTg.14_1,80.396613, 51.842246,64.447291
gpJhTMFMSTg.17_1,79.168868, 51.525610,63.585751
gpJhTMFMSTg.1_2,81.333041, 52.728417,65.477505
gpJhTMFMSTg.1_3,80.644708, 52.012060,64.683279
gpJhTMFMSTg.3_3,81.411291, 52.616018,65.460754
gpJhTMFMSTg.3_4,81.514641, 53.542253,66.032047
gpJhTMFMSTg.4_1,81.762708, 52.550486,65.630346
gpJhTMFMSTg.4_2,81.946925, 53.039679,66.008613
gpJhTMFMSTg.4_3,79.088037, 52.087821,63.859413
gpJhTMFMSTg.5_1,79.949462, 52.566267,64.601860
gpJhTMFMSTg.5_2,80.491777, 53.217782,65.268480
gpJhTMFMSTg.5_3,79.316859, 52.243909,64.072169
gpJhTMFMSTg.6_1,78.847829, 51.744185,63.534817
gpJhTMFMSTg.6_2,79.718276, 51.788977,64.037094
gpJhTMFMSTg.6_3,77.742477, 52.872266,63.587105
gpJhTMFMSTg.8_2,78.427938, 53.016084,64.028897
gpJhTMFMSTg.9_1,75.616716, 51.318714,61.612822
gpJhTMFMSTg.9_2,77.865265, 53.011671,63.730206
gpJwaVbhXX8.10_1,79.505839, 52.431517,64.281240
gpJwaVbhXX8.49_1,79.083976, 51.651239,63.610476
gpKUptHp8zg.1_16,50.604914, 46.854929,48.314036
gpKUptHp8zg.2_6,51.115772, 46.662661,48.395183
gpKUptHp8zg.2_7,62.272960, 48.066449,53.693634
gpKyHy7ZOtM.11_1,67.909361, 49.746902,57.098429
gpKyHy7ZOtM.18_1,69.688959, 49.799878,57.919445
gpL3rQQ7KCs.0_2,73.529258, 47.961039,58.618619
gpL3rQQ7KCs.0_3,76.191149, 52.304358,62.468482
gpL3rQQ7KCs.8_2,77.535825, 52.535151,63.288068
gpLGYs_fQwY.0_1,68.631861, 50.053500,57.599387
gpLGYs_fQwY.10_1,66.253450, 48.884909,55.862837
gpLGYs_fQwY.10_2,67.673193, 48.213795,56.074923
gpLGYs_fQwY.11_1,64.434230, 48.909305,55.104395
gpLGYs_fQwY.12_3,64.494184, 49.793726,55.663280
gpLGYs_fQwY.12_4,67.813549, 49.603452,56.970656
gpLGYs_fQwY.13_2,64.827705, 49.461757,55.603566
gpLGYs_fQwY.14_2,68.145437, 48.833192,56.654847
gpLGYs_fQwY.16_1,65.264463, 49.535918,55.832904
gpLGYs_fQwY.17_1,67.301196, 49.554746,56.718056
gpLGYs_fQwY.2_1,69.727749, 49.448916,57.727905
gpLGYs_fQwY.3_1,65.596641, 49.853401,56.164894
gpLGYs_fQwY.3_3,68.996879, 49.017168,57.142554
gpLGYs_fQwY.5_1,67.408064, 49.423764,56.686021
gpLGYs_fQwY.7_2,65.215915, 49.224261,55.624559
gpLGYs_fQwY.9_1,71.002892, 48.600909,57.803870
gpMneFELl7I.22_1,75.580750, 51.829844,61.889935
gpNVVhDVN1g.13_1,84.496596, 52.827400,67.474677
gpNVVhDVN1g.14_1,83.561172, 52.231876,66.552035
gpNVVhDVN1g.17_1,81.606463, 51.203635,64.790937
gpNVVhDVN1g.17_2,83.187214, 51.318917,65.817290
gpNVVhDVN1g.4_1,83.220569, 51.057168,65.694240
gpNVVhDVN1g.5_1,74.142276, 51.169646,60.801090
gpNVVhDVN1g.5_2,77.887797, 52.102896,63.226253
gpNVVhDVN1g.8_1,79.462954, 51.906802,63.962374
gpNVVhDVN1g.9_1,79.825215, 51.558726,63.966912
gpOBu6MYW5M.15_1,74.428237, 50.905662,60.786411
gpOuBQbXUWs.11_1,75.986762, 50.699069,61.440597
gpOuBQbXUWs.16_1,79.748879, 51.801011,64.060858
gpPQwwSD5Wk.13_1,69.970344, 49.345894,57.776024
gpPQwwSD5Wk.15_1,67.984966, 51.079195,57.926432
gpPQwwSD5Wk.15_2,80.361685, 51.319974,64.134435
gpPQwwSD5Wk.1_1,69.448150, 50.984956,58.515550
gpPQwwSD5Wk.7_2,76.713403, 51.980366,62.547632
gpPQwwSD5Wk.8_1,77.821459, 51.104063,62.621733
gpPtxV-Rqx4.0_2,70.946333, 48.804333,57.898978
gpPtxV-Rqx4.10_6,67.622130, 49.096556,56.583159
gpPtxV-Rqx4.11_1,68.766452, 50.849341,58.132643
gpPtxV-Rqx4.7_2,65.464802, 49.453517,55.868301
gpQzqQAu_ks.1_1,61.641139, 49.246010,54.150268
gpQzqQAu_ks.1_2,57.908729, 48.550176,52.220648
gpQzqQAu_ks.5_2,77.760337, 51.080942,62.576239
gpQzqQAu_ks.6_1,59.208457, 47.938312,52.368081
gpR4lOxgWGg.11_2,74.337485, 52.494468,61.664401
gpR4lOxgWGg.12_1,76.936360, 53.736947,63.663095
gpR4lOxgWGg.16_1,71.982015, 51.360070,59.888716
gpR4lOxgWGg.20_1,73.469191, 52.041601,60.985583
gpR4lOxgWGg.21_1,75.333406, 51.976419,61.851728
gpR4lOxgWGg.21_3,66.804026, 51.294393,57.543760
gpR4lOxgWGg.22_2,62.331368, 49.032866,54.304332
gpR4lOxgWGg.5_1,71.928506, 50.680029,59.464136
gpR4lOxgWGg.5_2,66.653989, 49.578752,56.452382
gpRI6Cse5Qk.17_1,76.942407, 52.358246,62.880972
gpRI6Cse5Qk.19_1,71.065441, 51.325423,59.446383
gpRqP-AsvcQ.0_1,78.624276, 52.274739,63.714710
gpRqP-AsvcQ.0_2,73.550830, 52.221073,61.128802
gpRqP-AsvcQ.0_3,84.291024, 52.810183,67.331802
gpRqP-AsvcQ.0_4,76.263618, 51.925980,62.287850
gpRqP-AsvcQ.1_1,78.681870, 51.353265,63.223348
gpRqP-AsvcQ.1_2,81.814222, 51.620753,65.146182
gpRqP-AsvcQ.3_1,80.459898, 50.769503,63.880625
gpRqP-AsvcQ.3_3,81.174948, 52.123693,65.050320
gpRqP-AsvcQ.3_4,76.366661, 51.412240,62.044738
gpRqP-AsvcQ.3_5,65.368376, 49.289537,55.728582
gpRqP-AsvcQ.3_6,66.262478, 50.755023,56.989461
gpRqP-AsvcQ.4_3,85.253549, 52.237772,67.661892
gpRqP-AsvcQ.4_4,82.144028, 52.661527,65.917681
gpRqP-AsvcQ.4_5,78.700826, 52.737575,64.017161
gpRqP-AsvcQ.4_6,79.994451, 52.959647,64.846813
gpRqP-AsvcQ.5_3,69.814403, 49.815424,57.985140
gpRqP-AsvcQ.5_4,80.781887, 52.635551,65.109043
gpRqP-AsvcQ.5_5,77.802665, 50.826705,62.453083
gpRqP-AsvcQ.5_6,75.804278, 51.041742,61.546750
gpRqP-AsvcQ.8_6,82.593277, 52.388903,66.038426
gpRqP-AsvcQ.9_1,76.251519, 50.655665,61.549863
gpRqP-AsvcQ.9_2,80.789656, 52.566012,65.074790
gpRqP-AsvcQ.9_3,75.544033, 52.481691,62.247104
gpSVmJyo0dk.26_1,72.180584, 51.448271,60.032750
gpSVmJyo0dk.26_2,75.398366, 52.302399,62.071792
gpSVmJyo0dk.45_2,73.064497, 51.740057,60.618004
gpSVmJyo0dk.5_1,71.834603, 51.459657,59.878874
gpSVmJyo0dk.66_1,73.075869, 51.094325,60.246085
gpSVmJyo0dk.66_2,72.124295, 51.481036,60.025773
gpSoNCuNOO8.0_1,77.487204, 49.409939,61.470881
gpSoNCuNOO8.2_2,76.870368, 51.683118,62.457728
gpTlc31u4s0.100_2,74.961438, 49.112569,60.002006
gpTlc31u4s0.104_2,75.417392, 52.114598,61.972990
gpTlc31u4s0.10_1,77.152310, 49.653041,61.435247
gpTlc31u4s0.111_1,83.631352, 52.120250,66.535633
gpTlc31u4s0.119_1,81.718830, 52.080644,65.344626
gpTlc31u4s0.16_1,80.637803, 51.788370,64.554290
gpTlc31u4s0.20_2,78.250843, 52.054007,63.390382
gpTlc31u4s0.22_1,77.398148, 52.273450,63.067592
gpTlc31u4s0.23_1,77.385325, 51.982333,62.894913
gpTlc31u4s0.23_2,79.167624, 52.836914,64.324573
gpTlc31u4s0.25_1,79.196818, 52.107888,63.929966
gpTlc31u4s0.26_1,79.166336, 52.132738,63.927369
gpTlc31u4s0.36_1,80.126314, 51.263193,63.969303
gpTlc31u4s0.40_1,78.483986, 52.176408,63.583986
gpTlc31u4s0.41_1,77.552113, 51.870738,62.918109
gpTlc31u4s0.44_1,78.269181, 52.929648,63.896032
gpTlc31u4s0.49_1,75.177813, 52.687832,62.185102
gpTlc31u4s0.4_4,83.364903, 53.181068,66.944971
gpTlc31u4s0.53_1,77.385753, 50.454099,62.019649
gpTlc31u4s0.5_3,84.339450, 53.446113,67.704950
gpTlc31u4s0.69_1,81.395657, 52.446120,65.357553
gpTlc31u4s0.6_1,79.223306, 53.708176,64.843361
gpTlc31u4s0.75_2,73.496797, 51.795849,60.855662
gpTlc31u4s0.77_1,80.374568, 52.351931,64.719979
gpTlc31u4s0.80_2,80.885878, 51.767726,64.684973
gpTlc31u4s0.84_1,84.728036, 52.406509,67.400473
gpTlc31u4s0.89_1,81.606493, 52.569488,65.549031
gpTlc31u4s0.99_1,76.527155, 50.662699,61.694735
gpTvQPUxytM.3_1,80.160971, 52.716391,64.803674
gpTvQPUxytM.4_1,75.150012, 52.363024,61.984285
gpTvQPUxytM.4_2,81.188940, 51.365218,64.635762
gpUabx00Uxg.10_1,77.073291, 51.888410,62.679730
gpUabx00Uxg.1_1,72.146905, 50.513995,59.468226
gpUabx00Uxg.1_4,76.545280, 50.597101,61.666167
gpUabx00Uxg.1_5,73.117321, 50.532751,59.936868
gpUabx00Uxg.24_1,66.888199, 49.395262,56.443337
gpUabx00Uxg.29_2,80.544927, 52.052541,64.649105
gpUabx00Uxg.2_3,81.923563, 52.844363,65.887340
gpUabx00Uxg.30_2,78.073355, 51.032644,62.714489
gpUabx00Uxg.4_3,84.979827, 52.309786,67.516075
gpUabx00Uxg.4_4,76.118569, 50.442988,61.359217
gpUabx00Uxg.4_5,72.775059, 49.569003,59.207421
gpUabx00Uxg.4_7,74.189265, 50.198666,60.257398
gpUabx00Uxg.57_1,80.071337, 52.117121,64.418206
gpUabx00Uxg.5_1,75.562666, 50.553175,61.142520
gpUabx00Uxg.72_1,81.298612, 51.511763,64.781574
gpUabx00Uxg.74_2,80.670562, 51.786600,64.572015
gpUabx00Uxg.7_1,75.085697, 52.606270,62.092929
gpUabx00Uxg.7_2,51.336905, 46.908810,48.632052
gpW4MlY_3IY.10_2,81.030838, 53.033916,65.472460
gpW4MlY_3IY.11_3,76.029619, 50.650938,61.434443
gpW4MlY_3IY.11_4,76.651304, 52.501994,62.814504
gpW4MlY_3IY.13_2,77.301437, 49.870460,61.639089
gpW4MlY_3IY.14_1,72.026344, 50.845319,59.606910
gpW4MlY_3IY.1_1,69.138127, 50.222803,57.924759
gpW4MlY_3IY.21_2,68.055000, 50.982642,57.899520
gpW4MlY_3IY.22_3,64.529944, 48.576315,54.943356
gpW4MlY_3IY.23_2,63.355349, 50.179896,55.420988
gpW4MlY_3IY.23_3,70.592219, 50.895869,58.977450
gpW4MlY_3IY.24_4,72.244038, 50.053814,59.242636
gpW4MlY_3IY.24_5,71.416425, 50.532343,59.139934
gpW4MlY_3IY.25_5,75.277540, 48.526302,59.816271
gpW4MlY_3IY.25_6,76.450905, 49.861783,61.192312
gpW4MlY_3IY.27_1,74.286249, 50.869930,60.696417
gpW4MlY_3IY.2_1,77.934965, 51.206703,62.740429
gpW4MlY_3IY.2_2,77.454343, 50.327609,61.982898
gpW4MlY_3IY.30_1,67.939486, 50.261618,57.419175
gpW4MlY_3IY.31_2,65.957824, 49.254684,55.958757
gpW4MlY_3IY.32_4,66.897758, 48.988904,56.203335
gpW4MlY_3IY.32_7,69.275217, 48.160404,56.753863
gpW4MlY_3IY.32_8,64.287014, 49.323458,55.292704
gpW4MlY_3IY.33_2,75.889892, 49.056850,60.436950
gpW4MlY_3IY.35_3,72.244463, 49.779299,59.080897
gpW4MlY_3IY.36_1,76.762027, 51.175009,62.110383
gpW4MlY_3IY.37_2,75.975040, 51.540945,61.920769
gpW4MlY_3IY.4_1,69.208768, 50.187154,57.935001
gpW4MlY_3IY.6_2,72.013558, 51.333878,59.887985
gpW4MlY_3IY.7_2,74.698915, 51.558731,61.298058
gpW4MlY_3IY.9_3,82.668419, 52.864734,66.344781
gpWmFbZsskQ.0_1,63.941731, 48.965610,54.931852
gpWmFbZsskQ.0_5,58.802286, 48.249858,52.394915
gpWmFbZsskQ.0_6,56.563229, 46.614441,50.502145
gpWmFbZsskQ.1_1,57.728063, 48.512447,52.125626
gpWmFbZsskQ.1_3,66.821295, 48.259318,55.730869
gpWmFbZsskQ.24_1,65.145036, 51.538486,56.985005
gpWmFbZsskQ.26_1,80.591963, 50.742599,63.941148
gpWmFbZsskQ.31_2,80.317520, 51.160799,64.019846
gpWmFbZsskQ.48_2,69.821500, 49.794304,57.975773
gpWmFbZsskQ.7_2,80.726041, 51.079598,64.207694
gpXvtOmlbLw.0_1,72.107883, 52.040481,60.345876
gpXvtOmlbLw.0_2,76.319911, 50.436675,61.458125
gpXvtOmlbLw.0_3,79.584051, 52.652377,64.448201
gpXvtOmlbLw.10_2,79.469253, 52.334351,64.206538
gpXvtOmlbLw.10_3,83.551874, 52.938830,66.930360
gpXvtOmlbLw.11_3,78.667559, 53.486239,64.421069
gpXvtOmlbLw.11_4,82.842933, 53.951512,67.042791
gpXvtOmlbLw.12_1,78.233132, 50.519454,62.506439
gpXvtOmlbLw.12_2,82.060055, 52.735192,65.908187
gpXvtOmlbLw.13_1,67.006091, 52.088147,58.103658
gpXvtOmlbLw.14_1,84.211994, 53.425246,67.611753
gpXvtOmlbLw.14_2,77.549049, 52.649024,63.359685
gpXvtOmlbLw.15_2,77.313875, 53.188834,63.544792
gpXvtOmlbLw.15_3,83.151630, 53.532154,67.003581
gpXvtOmlbLw.15_4,79.101319, 52.874613,64.309862
gpXvtOmlbLw.16_1,83.860389, 53.410303,67.379683
gpXvtOmlbLw.16_2,78.324793, 51.957819,63.375125
gpXvtOmlbLw.16_3,82.611523, 53.326125,66.562439
gpXvtOmlbLw.17_1,77.997521, 51.851477,63.141074
gpXvtOmlbLw.17_2,78.884046, 52.617092,64.047600
gpXvtOmlbLw.18_1,74.887952, 52.441355,61.901044
gpXvtOmlbLw.19_1,75.706524, 51.033380,61.492827
gpXvtOmlbLw.19_2,81.859378, 50.142674,64.349178
gpXvtOmlbLw.1_2,81.463254, 52.473693,65.412244
gpXvtOmlbLw.1_3,75.091184, 50.312038,60.767155
gpXvtOmlbLw.20_3,81.113347, 52.949351,65.472972
gpXvtOmlbLw.21_2,79.869054, 50.174859,63.208894
gpXvtOmlbLw.21_3,75.721540, 52.256957,62.206042
gpXvtOmlbLw.22_2,80.643037, 53.486700,65.502946
gpXvtOmlbLw.22_3,84.006183, 51.087584,66.212617
gpXvtOmlbLw.22_4,80.953778, 53.458829,65.663646
gpXvtOmlbLw.23_1,78.130712, 51.802526,63.183736
gpXvtOmlbLw.23_2,74.759244, 51.552075,61.323723
gpXvtOmlbLw.24_2,80.201861, 52.948882,64.956277
gpXvtOmlbLw.24_3,80.180392, 52.047985,64.440601
gpXvtOmlbLw.24_4,78.458587, 51.764572,63.336874
gpXvtOmlbLw.25_1,77.898669, 52.173921,63.272354
gpXvtOmlbLw.25_2,80.930086, 51.980113,64.828935
gpXvtOmlbLw.26_1,82.870790, 50.807114,65.337588
gpXvtOmlbLw.27_1,80.413369, 52.739123,64.957930
gpXvtOmlbLw.27_2,79.479240, 52.649867,64.389296
gpXvtOmlbLw.27_3,78.553995, 50.877408,62.883504
gpXvtOmlbLw.27_4,78.669421, 52.279584,63.741660
gpXvtOmlbLw.27_6,71.713546, 50.975248,59.538162
gpXvtOmlbLw.2_1,78.149289, 52.880722,63.805104
gpXvtOmlbLw.3_3,80.354127, 50.347139,63.581766
gpXvtOmlbLw.3_4,73.309907, 52.404894,61.121360
gpXvtOmlbLw.4_1,79.354320, 52.812220,64.412189
gpXvtOmlbLw.4_2,76.267148, 51.569517,62.084726
gpXvtOmlbLw.4_3,75.527870, 49.700713,60.629357
gpXvtOmlbLw.4_4,80.082620, 52.662855,64.730023
gpXvtOmlbLw.4_5,74.987458, 50.199155,60.649946
gpXvtOmlbLw.4_6,82.316702, 53.253338,66.345576
gpXvtOmlbLw.4_7,75.065063, 50.015528,60.581435
gpXvtOmlbLw.5_2,81.625353, 53.567977,66.110517
gpXvtOmlbLw.5_3,77.560610, 51.134455,62.501786
gpXvtOmlbLw.6_2,78.124270, 49.990287,62.144678
gpXvtOmlbLw.6_3,79.216027, 53.841346,64.913950
gpXvtOmlbLw.6_4,75.355102, 52.998441,62.450897
gpXvtOmlbLw.7_1,77.827607, 50.324348,62.178227
gpXvtOmlbLw.7_2,78.034453, 53.041934,63.835927
gpXvtOmlbLw.7_3,80.245189, 52.870991,64.937057
gpXvtOmlbLw.8_2,81.664124, 53.933993,66.334094
gpXvtOmlbLw.8_3,79.410919, 50.280254,63.012522
gpXvtOmlbLw.9_1,80.181001, 52.745680,64.831225
gpYVpZNLz5E.0_2,59.397145, 48.858726,53.004792
gpYVpZNLz5E.0_3,66.796135, 49.054263,56.198655
gpYVpZNLz5E.11_2,75.645157, 50.817704,61.337218
gpYVpZNLz5E.5_2,74.622885, 50.372850,60.571271
gpYVpZNLz5E.7_1,72.541338, 50.740583,59.786330
gpYvNu4y8Jg.10_2,78.662672, 52.087063,63.629117
gpYvNu4y8Jg.11_1,78.401700, 52.338948,63.632154
gpYvNu4y8Jg.12_1,67.134934, 51.307440,57.693866
gpYvNu4y8Jg.13_1,69.977331, 51.698166,59.174049
gpYvNu4y8Jg.16_1,73.356407, 52.314964,61.091075
gpYvNu4y8Jg.1_2,73.335531, 52.066327,60.936497
gpYvNu4y8Jg.20_1,74.240627, 50.722376,60.588213
gpYvNu4y8Jg.23_1,66.525776, 51.388585,57.480795
gpYvNu4y8Jg.26_1,67.674657, 47.980856,55.935227
gpYvNu4y8Jg.28_1,76.731419, 51.977956,62.555458
gpYvNu4y8Jg.32_2,68.814274, 51.591621,58.594409
gpYvNu4y8Jg.35_2,74.815025, 52.652150,61.987106
gpYvNu4y8Jg.36_3,67.165182, 51.409833,57.767955
gpYvNu4y8Jg.37_1,66.966219, 50.815175,57.327332
gpYvNu4y8Jg.37_2,74.609177, 52.053236,61.540752
gpYvNu4y8Jg.3_1,69.838858, 50.713003,58.529100
gpYvNu4y8Jg.40_1,65.137861, 49.435726,55.718934
gpYvNu4y8Jg.41_1,76.906441, 51.876405,62.586983
gpYvNu4y8Jg.44_1,67.676821, 51.932648,58.300209
gpYvNu4y8Jg.48_1,69.211785, 50.493780,58.118694
gpYvNu4y8Jg.49_1,78.146262, 52.891254,63.809467
gpYvNu4y8Jg.4_1,79.475661, 52.531359,64.320781
gpYvNu4y8Jg.51_2,75.160444, 52.684754,62.174804
gpYvNu4y8Jg.52_2,77.687013, 52.600322,63.403821
gpYvNu4y8Jg.53_1,74.934876, 52.823090,62.144106
gpYvNu4y8Jg.54_2,74.187335, 52.621681,61.665667
gpYvNu4y8Jg.57_2,67.374817, 52.560779,58.543164
gpYvNu4y8Jg.60_2,67.484987, 51.143917,57.747632
gpYvNu4y8Jg.64_1,78.388275, 53.136144,64.075633
gpYvNu4y8Jg.68_1,80.729942, 53.177968,65.380846
gpYvNu4y8Jg.69_2,76.450903, 52.180796,62.528879
gpYvNu4y8Jg.71_1,65.727919, 50.946750,56.876724
gpYvNu4y8Jg.71_2,69.784292, 52.547566,59.588996
gpYvNu4y8Jg.75_1,71.777843, 52.157511,60.261905
gpYvNu4y8Jg.77_1,70.168165, 52.184257,59.546321
gpYvNu4y8Jg.78_1,73.506939, 51.901835,60.922203
gpYvNu4y8Jg.80_1,78.028365, 51.037246,62.693190
gpYvNu4y8Jg.83_1,62.681735, 51.631679,56.018054
gpYvNu4y8Jg.83_2,75.109394, 51.561451,61.501269
gpZB0UWlqZ8.22_1,68.922513, 49.930573,57.654862
gpZB0UWlqZ8.4_1,67.214233, 50.091680,57.001898
gpZB0UWlqZ8.4_2,73.049161, 52.175576,60.864729
gpZB0UWlqZ8.4_3,66.119339, 50.083267,56.525718
gpZB0UWlqZ8.5_1,76.560866, 52.364858,62.690101
gpZkpvrm7i8.0_1,75.591189, 51.118230,61.484145
gpZkpvrm7i8.6_1,80.906290, 52.036405,64.846632
gpZkpvrm7i8.6_4,75.945766, 50.251442,61.160545
gpZy7kZu5Cs.1_1,75.599089, 50.768829,61.285811
gpZy7kZu5Cs.1_2,64.205855, 50.384210,55.898118
gpZy7kZu5Cs.2_1,77.738995, 52.274805,63.245953
gpZy7kZu5Cs.4_2,62.933654, 51.029646,55.758993
gpZy7kZu5Cs.6_1,67.488468, 49.523037,56.780547
gp_8nE3hzo8.22_1,81.601620, 53.443656,66.028320
gp_8nE3hzo8.29_1,82.570439, 53.009302,66.364509
gp_8nE3hzo8.2_1,79.644146, 52.209689,64.232720
gp_8nE3hzo8.37_1,78.585585, 51.395741,63.195561
gp_JecVpGAU.2_1,73.844449, 50.491205,60.261172
gp_JecVpGAU.3_3,76.727729, 50.352434,61.618775
gp_JecVpGAU.5_3,75.581291, 49.854609,60.745890
gp_JecVpGAU.6_1,74.474548, 50.002126,60.281982
gp_JecVpGAU.7_2,68.267572, 50.344024,57.612126
gp_JecVpGAU.7_3,80.553308, 49.175427,63.031802
gp_JecVpGAU.7_4,76.179504, 50.521827,61.435824
gp_JecVpGAU.8_1,76.932941, 51.164439,62.192347
gp_JecVpGAU.8_2,70.836951, 49.362502,58.180696
gp_aQdBPQmY.10_2,76.922203, 53.405922,63.467753
gp_aQdBPQmY.10_3,84.347244, 52.901275,67.417265
gp_aQdBPQmY.10_4,76.269530, 51.645261,62.129501
gp_aQdBPQmY.11_1,75.187156, 52.457168,62.056818
gp_aQdBPQmY.11_2,78.620943, 52.831989,64.027716
gp_aQdBPQmY.12_3,81.845934, 53.084686,65.973809
gp_aQdBPQmY.12_4,73.742708, 50.962785,60.487656
gp_aQdBPQmY.12_5,71.981183, 51.162490,59.772315
gp_aQdBPQmY.12_7,74.868704, 51.887583,61.571627
gp_aQdBPQmY.13_3,64.045856, 50.646763,55.989348
gp_aQdBPQmY.14_3,66.978645, 49.043916,56.271450
gp_aQdBPQmY.14_6,69.051036, 54.143567,60.206060
gp_aQdBPQmY.14_7,82.558755, 54.233121,67.024741
gp_aQdBPQmY.1_1,78.456068, 52.964407,64.014657
gp_aQdBPQmY.1_2,74.625417, 51.061496,60.973438
gp_aQdBPQmY.2_1,69.775818, 50.883770,58.602026
gp_aQdBPQmY.2_2,62.424616, 47.665495,53.512313
gp_aQdBPQmY.4_2,59.288702, 47.890471,52.371192
gp_aQdBPQmY.5_4,74.721776, 53.268748,62.297226
gp_aQdBPQmY.6_3,65.595783, 50.941720,56.817700
gp_aQdBPQmY.6_4,75.366110, 52.904727,62.402457
gp_aQdBPQmY.7_2,80.307933, 51.784925,64.364995
gp_aQdBPQmY.7_3,73.463747, 50.601304,60.142451
gp_aQdBPQmY.7_7,78.402494, 52.496664,63.721852
gp_aQdBPQmY.7_8,71.233984, 51.386150,59.559224
gp_aQdBPQmY.7_9,74.815573, 50.505664,60.743506
gp_aQdBPQmY.8_3,71.118428, 52.117775,59.936591
gp_aQdBPQmY.8_4,82.158097, 52.018176,65.571558
gp_aQdBPQmY.8_5,74.024720, 53.071890,61.848150
gp_aQdBPQmY.8_9,75.581599, 51.727600,61.831385
gp_aQdBPQmY.9_3,72.924937, 49.986009,59.524253
gp_nhBdsKE4.102_2,70.867046, 50.895062,59.102045
gp_nhBdsKE4.103_2,61.423900, 49.225198,54.048856
gp_nhBdsKE4.103_3,74.394156, 51.223093,60.954488
gp_nhBdsKE4.103_4,70.875604, 51.835357,59.660115
gp_nhBdsKE4.104_1,72.428525, 50.640422,59.674488
gp_nhBdsKE4.107_2,69.889372, 50.827586,58.619682
gp_nhBdsKE4.109_1,82.459480, 53.222609,66.414317
gp_nhBdsKE4.113_3,73.785080, 50.149719,60.032621
gp_nhBdsKE4.114_2,74.601672, 50.499204,60.634518
gp_nhBdsKE4.116_2,71.910619, 49.783092,58.926810
gp_nhBdsKE4.117_3,72.530442, 51.212511,60.058040
gp_nhBdsKE4.117_4,75.455095, 50.794591,61.228711
gp_nhBdsKE4.13_2,58.495547, 49.123913,52.804516
gp_nhBdsKE4.17_1,57.359043, 48.003566,51.668168
gp_nhBdsKE4.1_3,75.139395, 51.924686,61.726074
gp_nhBdsKE4.22_1,76.293520, 50.469711,61.463762
gp_nhBdsKE4.23_1,80.498736, 52.513925,64.880531
gp_nhBdsKE4.25_2,81.811128, 52.541688,65.654051
gp_nhBdsKE4.25_3,69.723467, 50.491698,58.346063
gp_nhBdsKE4.28_1,73.118970, 51.888081,60.730101
gp_nhBdsKE4.29_3,73.325464, 51.833675,60.796210
gp_nhBdsKE4.2_2,69.782681, 50.715109,58.505140
gp_nhBdsKE4.2_3,73.418592, 51.936485,60.900338
gp_nhBdsKE4.30_2,82.006590, 52.444485,65.716259
gp_nhBdsKE4.31_2,73.887466, 52.698827,61.566595
gp_nhBdsKE4.31_3,70.131781, 50.321076,58.428639
gp_nhBdsKE4.35_2,80.310763, 52.839792,64.956394
gp_nhBdsKE4.36_1,73.179231, 51.967273,60.804764
gp_nhBdsKE4.39_2,74.669231, 51.891816,61.476560
gp_nhBdsKE4.43_2,77.719440, 52.538323,63.385521
gp_nhBdsKE4.44_3,68.148666, 51.515864,58.257602
gp_nhBdsKE4.45_1,73.786113, 51.827906,61.012550
gp_nhBdsKE4.48_1,81.028550, 52.981776,65.442260
gp_nhBdsKE4.51_3,75.906870, 50.613408,61.350632
gp_nhBdsKE4.52_2,75.928570, 52.365141,62.371582
gp_nhBdsKE4.53_2,69.797345, 51.383273,58.907368
gp_nhBdsKE4.54_1,79.451469, 52.900757,64.514888
gp_nhBdsKE4.57_2,73.503157, 51.874890,60.904716
gp_nhBdsKE4.5_1,75.183825, 51.745134,61.644236
gp_nhBdsKE4.60_2,70.663212, 51.316687,59.258121
gp_nhBdsKE4.64_1,73.775325, 50.264456,60.095107
gp_nhBdsKE4.65_1,80.468860, 52.849253,65.050550
gp_nhBdsKE4.65_2,70.254373, 48.693388,57.515825
gp_nhBdsKE4.69_1,61.566242, 48.944749,53.936882
gp_nhBdsKE4.71_1,76.535310, 51.896065,62.408494
gp_nhBdsKE4.72_2,74.118464, 52.004768,61.274997
gp_nhBdsKE4.72_3,70.144787, 48.376867,57.276780
gp_nhBdsKE4.73_1,80.175405, 52.955824,64.945380
gp_nhBdsKE4.77_1,54.928790, 47.207820,50.220389
gp_nhBdsKE4.78_2,71.667420, 51.867607,60.041122
gp_nhBdsKE4.80_2,75.324562, 51.914227,61.811462
gp_nhBdsKE4.80_3,67.021059, 49.403064,56.505526
gp_nhBdsKE4.86_1,79.764035, 53.038450,64.763463
gp_nhBdsKE4.87_2,62.884019, 48.167271,54.007546
gp_nhBdsKE4.87_3,73.716230, 51.783648,60.953341
gp_nhBdsKE4.8_1,58.053265, 50.299219,53.342766
gp_nhBdsKE4.8_2,74.234251, 51.327149,60.937315
gp_nhBdsKE4.91_1,69.521216, 51.153606,58.648082
gp_nhBdsKE4.92_1,69.318766, 50.625602,58.244649
gp_nhBdsKE4.95_1,69.894145, 50.255565,58.282600
gp_nhBdsKE4.96_2,68.392360, 50.663300,57.857189
gp_nhBdsKE4.97_1,70.095706, 51.194121,58.929353
gp_nhBdsKE4.99_3,61.316100, 49.013963,53.876677
gp_nhBdsKE4.9_1,75.788292, 51.924577,62.048073
gp_svVd3Wv4.0_4,75.228878, 51.688390,61.633696
gp_svVd3Wv4.1_5,78.926547, 51.603064,63.497551
gp_svVd3Wv4.1_8,72.241071, 48.919964,58.571013
gp_svVd3Wv4.1_9,73.275806, 51.028125,60.302387
gp_svVd3Wv4.2_3,76.311859, 52.031698,62.372946
gp_svVd3Wv4.3_6,68.975164, 50.561620,58.053921
gp_svVd3Wv4.3_7,77.967177, 52.437818,63.458274
gp_svVd3Wv4.4_2,67.136090, 50.218741,57.044091
